ambient 0.5
headlight 0.2
directional 0.6
lightdir -0.7 1.0 1.0
background 190 200 235
clfactors 1.0 1.0 1.0
objtypes 49
data/steer.geo data/steer.col data/noref.ref data/nocl.cld
data/speed.geo data/speed.col data/noref.ref data/nocl.cld
data/dmod.geo data/dmod.col data/noref.ref data/nocl.cld
data/roads.geo data/roads.col data/roads.ref data/road.cld
data/roadlw.geo data/road.col data/roadlw.ref data/road.cld
data/roadln.geo data/road.col data/roadln.ref data/road.cld
data/roadrw.geo data/road.col data/roadrw.ref data/road.cld
data/roadrn.geo data/road.col data/roadrn.ref data/road.cld
data/road25.geo data/road.col data/road25.ref data/road.cld
data/road50.geo data/road.col data/road50.ref data/road.cld
data/road75.geo data/road.col data/road75.ref data/road.cld
data/tunnb.geo data/tunnb.col data/tunnb.ref data/tunnb.cld
data/tunn.geo data/tunn.col data/tunn.ref data/tunn.cld
data/bridgec.geo data/bridgec.col data/bridgstr.ref data/bridgec.cld
data/bridges.geo data/bridges.col data/bridges.ref data/bridges.cld
data/start.geo data/start.col data/start.ref data/nocl.cld
data/tree2.geo data/tree2.col data/tree.ref data/tree.cld
data/tree1.geo data/tree1.col data/tree.ref data/tree.cld
data/house1.geo data/house1.col data/house1.ref data/house1.cld
data/house2.geo data/house2.col data/house2.ref data/house2.cld
data/trs.geo data/trs.col data/trs.ref data/trs.cld
data/wind.geo data/wind.col data/wind.ref data/wind.cld
data/prop.geo data/prop.col data/noref.ref data/nocl.cld
data/tree4.geo data/tree4.col data/tree.ref data/nocl.cld
data/glider.geo data/glider.col data/noref.ref data/nocl.cld
data/bridgescl.geo data/bridges.col data/bridgec.ref data/bridgescl.cld
data/loop4r.geo data/loopblue.col data/loop4r.ref data/loop4r.cld
data/loop2r.geo data/loopgreen.col data/loop2r.ref data/loop2r.cld
data/loop1r.geo data/loopred.col data/loop1r.ref data/loop1r.cld
data/loop4l.geo data/loopblue.col data/loop4l.ref data/loop4l.cld
data/loop2l.geo data/loopgreen.col data/loop2l.ref data/loop2l.cld
data/loop1l.geo data/loopred.col data/loop1l.ref data/loop1l.cld
data/corkl.geo data/cork.col data/corkl.ref data/corkl.cld
data/corkr.geo data/cork.col data/corkr.ref data/corkr.cld
data/road11.geo data/road.col data/road11.ref data/road.cld
data/road12.geo data/road.col data/road12.ref data/road.cld
data/roadhill.geo data/roadhill.col data/roads.ref data/roadhill.cld
data/roadhl25.geo data/road.col data/roadhl25.ref data/road.cld
data/roadhr25.geo data/road.col data/roadhr25.ref data/road.cld
data/roadhl50.geo data/road.col data/roadhl50.ref data/road.cld
data/roadhr50.geo data/road.col data/roadhr50.ref data/road.cld
data/roadhl75.geo data/road.col data/roadhl75.ref data/road.cld
data/roadhr75.geo data/road.col data/roadhr75.ref data/road.cld
data/wroads.geo data/wroads.col data/wroads.ref data/wroad.cld
data/wroadl.geo data/wroad.col data/wroadl.ref data/wroad.cld
data/roadch.geo data/roadch.col data/roadch.ref data/roadch.cld
data/ter.geo data/ter.col data/ter.ref data/ter.cld
data/ter1.geo data/ter1.col data/ter1.ref data/ter1.cld
data/ter2.geo data/ter2.col data/ter2.ref data/ter2.cld
objects 327
22 -1.20 9.0 170 0 0 0 2 0
23 3.10 8.1 169.1 0 0 2.356 3 0
16 -1.2000 0.0000 20.0000 0 0 0.0000 2 0
21 -1.2000 0.0000 0.0000 0 0 3.1416 5 0
4 -1.2000 0.0000 0.0000 0 0 -0.0000 1 0
4 -1.2000 0.0000 10.0000 0 0 -0.0000 1 0
46 -1.2000 0.0000 20.0000 0 0 -0.0000 1 0
44 -1.2000 0.0000 30.0000 0 0 -0.0000 1 0
44 -1.2000 0.0000 40.0000 0 0 -0.0000 1 0
44 -1.2000 0.0000 50.0000 0 0 -0.0000 1 0
44 -1.2000 0.0000 60.0000 0 0 -0.0000 1 0
44 -1.2000 0.0000 70.0000 0 0 -0.0000 1 0
44 -1.2000 0.0000 80.0000 0 0 -0.0000 1 0
44 -1.2000 0.0000 90.0000 0 0 -0.0000 1 0
44 -1.2000 0.0000 100.0000 0 0 -0.0000 1 0
44 -1.2000 0.0000 110.0000 0 0 -0.0000 1 0
44 -1.2000 0.0000 120.0000 0 0 -0.0000 1 0
44 -1.2000 0.0000 130.0000 0 0 -0.0000 1 0
44 -1.2000 0.0000 140.0000 0 0 -0.0000 1 0
44 -1.2000 0.0000 150.0000 0 0 -0.0000 1 0
44 -1.2000 0.0000 160.0000 0 0 -0.0000 1 0
44 -1.2000 0.0000 170.0000 0 0 -0.0000 1 0
44 -1.2000 0.0000 180.0000 0 0 -0.0000 1 0
44 -1.2000 0.0000 190.0000 0 0 -0.0000 1 0
44 -1.2000 0.0000 200.0000 0 0 -0.0000 1 0
44 -1.2000 0.0000 210.0000 0 0 -0.0000 1 0
44 -1.2000 0.0000 220.0000 0 0 -0.0000 1 0
44 -1.2000 0.0000 230.0000 0 0 -0.0000 1 0
44 -1.2000 0.0000 240.0000 0 0 -0.0000 1 0
44 -1.2000 0.0000 250.0000 0 0 -0.0000 1 0
44 -1.2000 0.0000 260.0000 0 0 -0.0000 1 0
44 -1.2000 0.0000 270.0000 0 0 -0.0000 1 0
44 -1.2000 0.0000 280.0000 0 0 -0.0000 1 0
44 -1.2000 0.0000 290.0000 0 0 -0.0000 1 0
44 -1.2000 0.0000 300.0000 0 0 -0.0000 1 0
44 -1.2000 0.0000 310.0000 0 0 -0.0000 1 0
44 -1.2000 0.0000 320.0000 0 0 -0.0000 1 0
44 -1.2000 0.0000 330.0000 0 0 -0.0000 1 0
44 -1.2000 0.0000 340.0000 0 0 -0.0000 1 0
44 -1.2000 0.0000 350.0000 0 0 -0.0000 1 0
44 -1.2000 0.0000 360.0000 0 0 -0.0000 1 0
44 -1.2000 0.0000 370.0000 0 0 -0.0000 1 0
44 -1.2000 0.0000 380.0000 0 0 -0.0000 1 0
44 -1.2000 0.0000 390.0000 0 0 -0.0000 1 0
44 -1.2000 0.0000 400.0000 0 0 -0.0000 1 0
44 -1.2000 0.0000 410.0000 0 0 -0.0000 1 0
44 -1.2000 0.0000 420.0000 0 0 -0.0000 1 0
44 -1.2000 0.0000 430.0000 0 0 -0.0000 1 0
44 -1.2000 0.0000 440.0000 0 0 -0.0000 1 0
44 -1.2000 0.0000 450.0000 0 0 -0.0000 1 0
44 -1.2000 0.0000 460.0000 0 0 -0.0000 1 0
44 -1.2000 0.0000 470.0000 0 0 -0.0000 1 0
44 -1.2000 0.0000 480.0000 0 0 -0.0000 1 0
44 -1.2000 0.0000 490.0000 0 0 -0.0000 1 0
44 -1.2000 0.0000 500.0000 0 0 -0.0000 1 0
44 -1.2000 0.0000 510.0000 0 0 -0.0000 1 0
44 -1.2000 0.0000 520.0000 0 0 -0.0000 1 0
44 -1.2000 0.0000 530.0000 0 0 -0.0000 1 0
44 -1.2000 0.0000 540.0000 0 0 -0.0000 1 0
44 -1.2000 0.0000 550.0000 0 0 -0.0000 1 0
44 -1.2000 0.0000 560.0000 0 0 -0.0000 1 0
44 -1.2000 0.0000 570.0000 0 0 -0.0000 1 0
44 -1.2000 0.0000 580.0000 0 0 -0.0000 1 0
44 -1.2000 0.0000 590.0000 0 0 -0.0000 1 0
44 -1.2000 0.0000 600.0000 0 0 -0.0000 1 0
44 -1.2000 0.0000 610.0000 0 0 -0.0000 1 0
44 -1.2000 0.0000 620.0000 0 0 -0.0000 1 0
44 -1.2000 0.0000 630.0000 0 0 -0.0000 1 0
44 -1.2000 0.0000 640.0000 0 0 -0.0000 1 0
44 -1.2000 0.0000 650.0000 0 0 -0.0000 1 0
44 -1.2000 0.0000 660.0000 0 0 -0.0000 1 0
44 -1.2000 0.0000 670.0000 0 0 -0.0000 1 0
44 -1.2000 0.0000 680.0000 0 0 -0.0000 1 0
44 -1.2000 0.0000 690.0000 0 0 -0.0000 1 0
44 -1.2000 0.0000 700.0000 0 0 -0.0000 1 0
44 -1.2000 0.0000 710.0000 0 0 -0.0000 1 0
44 -1.2000 0.0000 720.0000 0 0 -0.0000 1 0
44 -1.2000 0.0000 730.0000 0 0 -0.0000 1 0
44 -1.2000 0.0000 740.0000 0 0 -0.0000 1 0
44 -1.2000 0.0000 750.0000 0 0 -0.0000 1 0
44 -1.2000 0.0000 760.0000 0 0 -0.0000 1 0
44 -1.2000 0.0000 770.0000 0 0 -0.0000 1 0
44 -1.2000 0.0000 780.0000 0 0 -0.0000 1 0
44 -1.2000 0.0000 790.0000 0 0 -0.0000 1 0
44 -1.2000 0.0000 800.0000 0 0 -0.0000 1 0
44 -1.2000 0.0000 810.0000 0 0 -0.0000 1 0
44 -1.2000 0.0000 820.0000 0 0 -0.0000 1 0
44 -1.2000 0.0000 830.0000 0 0 -0.0000 1 0
44 -1.2000 0.0000 840.0000 0 0 -0.0000 1 0
44 -1.2000 0.0000 850.0000 0 0 -0.0000 1 0
44 -1.2000 0.0000 860.0000 0 0 -0.0000 1 0
44 -1.2000 0.0000 870.0000 0 0 -0.0000 1 0
44 -1.2000 0.0000 880.0000 0 0 -0.0000 1 0
44 -1.2000 0.0000 890.0000 0 0 -0.0000 1 0
44 -1.2000 0.0000 900.0000 0 0 -0.0000 1 0
44 -1.2000 0.0000 910.0000 0 0 -0.0000 1 0
44 -1.2000 0.0000 920.0000 0 0 -0.0000 1 0
44 -1.2000 0.0000 930.0000 0 0 -0.0000 1 0
44 -1.2000 0.0000 940.0000 0 0 -0.0000 1 0
44 -1.2000 0.0000 950.0000 0 0 -0.0000 1 0
44 -1.2000 0.0000 960.0000 0 0 -0.0000 1 0
44 -1.2000 0.0000 970.0000 0 0 -0.0000 1 0
44 -1.2000 0.0000 980.0000 0 0 -0.0000 1 0
44 -1.2000 0.0000 990.0000 0 0 -0.0000 1 0
44 -1.2000 0.0000 1000.0000 0 0 -0.0000 1 0
44 -1.2000 0.0000 1010.0000 0 0 -0.0000 1 0
44 -1.2000 0.0000 1020.0000 0 0 -0.0000 1 0
45 -1.2000 0.0000 1030.0000 0 0 -0.0000 1 0
45 -1.2000 -1.9383 1039.7448 0 0 0.3927 1 0
45 -1.2000 -7.4582 1048.0061 0 0 0.7854 1 0
45 -1.2000 -15.7194 1053.5261 0 0 1.1781 1 0
45 -1.2000 -25.4642 1055.4645 0 0 1.5708 1 0
45 -1.2000 -35.2090 1053.5262 0 0 1.9635 1 0
45 -1.2000 -43.4703 1048.0063 0 0 2.3562 1 0
45 -1.2000 -54.5102 1031.4838 0 0 5.4978 1 0
45 -1.2000 -62.7714 1025.9638 0 0 5.1051 1 0
45 -1.2000 -72.5162 1024.0254 0 0 4.7124 1 0
45 -1.2000 -72.5162 1024.0254 0 0 1.5708 1 0
45 -1.2000 -82.2610 1022.0871 0 0 1.9635 1 0
45 -1.2000 -90.5223 1016.5671 0 0 2.3562 1 0
45 -1.2000 -101.5622 1000.0447 0 0 5.4978 1 0
45 -1.2000 -109.8234 994.5246 0 0 5.1051 1 0
45 -1.2000 -119.5682 992.5862 0 0 4.7124 1 0
44 -1.2000 -119.5682 992.5862 0 0 1.5708 1 0
44 -1.2000 -129.5682 992.5862 0 0 1.5708 1 0
44 -1.2000 -139.5682 992.5862 0 0 1.5708 1 0
44 -1.2000 -149.5682 992.5862 0 0 1.5708 1 0
46 -1.2000 -169.5682 992.5862 0 0 4.7124 1 0
4 -1.2000 -169.5682 992.5862 0 0 1.5708 1 0
4 -1.2000 -179.5682 992.5862 0 0 1.5708 1 0
4 -1.2000 -189.5682 992.5862 0 0 1.5708 1 0
10 -1.2000 -199.5682 992.5862 0 0 1.5708 1 0
12 0.4000 -209.5682 992.5862 0 0 1.5708 1 0
13 0.4000 -219.5682 992.5862 0 0 1.5708 1 0
13 0.4000 -229.5682 992.5862 0 0 1.5708 1 0
13 0.4000 -239.5682 992.5862 0 0 1.5708 1 0
12 0.4000 -259.5682 992.5862 0 0 4.7124 1 0
4 0.4000 -259.5682 992.5862 0 0 1.5708 1 0
4 0.4000 -269.5682 992.5862 0 0 1.5708 1 0
4 0.4000 -279.5682 992.5862 0 0 1.5708 1 0
38 0.4000 -289.5682 992.5862 0 0 1.5708 1 0
38 1.2000 -299.3130 990.6479 0 0 1.9635 1 0
38 2.0000 -307.5743 985.1280 0 0 2.3562 1 0
38 2.8000 -313.0943 976.8668 0 0 2.7489 1 0
38 3.6000 -315.0327 967.1220 0 0 3.1416 1 0
38 4.4000 -313.0944 957.3772 0 0 3.5343 1 0
4 5.2000 -307.5745 949.1159 0 0 3.9270 1 0
4 5.2000 -300.5034 942.0449 0 0 3.9270 1 0
4 5.2000 -293.4323 934.9738 0 0 3.9270 1 0
4 5.2000 -286.3613 927.9027 0 0 3.9270 1 0
4 5.2000 -279.2902 920.8317 0 0 3.9270 1 0
4 5.2000 -272.2191 913.7606 0 0 3.9270 1 0
4 5.2000 -265.1481 906.6895 0 0 3.9270 1 0
4 5.2000 -258.0770 899.6185 0 0 3.9270 1 0
4 5.2000 -251.0059 892.5474 0 0 3.9270 1 0
4 5.2000 -243.9349 885.4763 0 0 3.9270 1 0
4 5.2000 -236.8638 878.4053 0 0 3.9270 1 0
4 5.2000 -229.7927 871.3342 0 0 3.9270 1 0
4 5.2000 -222.7216 864.2631 0 0 3.9270 1 0
4 5.2000 -215.6506 857.1921 0 0 3.9270 1 0
4 5.2000 -208.5795 850.1210 0 0 3.9270 1 0
4 5.2000 -201.5084 843.0499 0 0 3.9270 1 0
4 5.2000 -194.4374 835.9789 0 0 3.9270 1 0
4 5.2000 -187.3663 828.9078 0 0 3.9270 1 0
4 5.2000 -180.2952 821.8367 0 0 3.9270 1 0
4 5.2000 -173.2242 814.7657 0 0 3.9270 1 0
4 5.2000 -166.1531 807.6946 0 0 3.9270 1 0
4 5.2000 -159.0820 800.6235 0 0 3.9270 1 0
4 5.2000 -152.0110 793.5525 0 0 3.9270 1 0
4 5.2000 -144.9399 786.4814 0 0 3.9270 1 0
4 5.2000 -137.8688 779.4103 0 0 3.9270 1 0
4 5.2000 -130.7977 772.3393 0 0 3.9270 1 0
4 5.2000 -123.7267 765.2682 0 0 3.9270 1 0
4 5.2000 -116.6556 758.1971 0 0 3.9270 1 0
4 5.2000 -109.5845 751.1261 0 0 3.9270 1 0
4 5.2000 -102.5135 744.0550 0 0 3.9270 1 0
4 5.2000 -95.4424 736.9839 0 0 3.9270 1 0
4 5.2000 -88.3713 729.9129 0 0 3.9270 1 0
4 5.2000 -81.3003 722.8418 0 0 3.9270 1 0
4 5.2000 -74.2292 715.7707 0 0 3.9270 1 0
4 5.2000 -67.1581 708.6997 0 0 3.9270 1 0
4 5.2000 -60.0871 701.6286 0 0 3.9270 1 0
12 5.2000 -53.0160 694.5575 0 0 3.9270 1 0
12 5.2000 -38.8739 680.4154 0 0 7.0686 1 0
15 5.2000 -38.8739 680.4154 0 0 3.9270 1 0
15 5.2000 -31.8028 673.3443 0 0 3.9270 1 0
15 5.2000 -24.7317 666.2733 0 0 3.9270 1 0
15 5.2000 -17.6606 659.2022 0 0 3.9270 1 0
15 5.2000 -10.5896 652.1311 0 0 3.9270 1 0
15 5.2000 -3.5185 645.0601 0 0 3.9270 1 0
15 5.2000 3.5526 637.9890 0 0 3.9270 1 0
15 5.2000 10.6236 630.9179 0 0 3.9270 1 0
15 5.2000 17.6947 623.8469 0 0 3.9270 1 0
15 5.2000 24.7658 616.7758 0 0 3.9270 1 0
12 5.2000 31.8368 609.7047 0 0 3.9270 1 0
12 5.2000 45.9790 595.5626 0 0 7.0686 1 0
4 5.2000 45.9790 595.5626 0 0 3.9270 1 0
4 5.2000 53.0500 588.4915 0 0 3.9270 1 0
4 5.2000 60.1211 581.4205 0 0 3.9270 1 0
4 5.2000 67.1922 574.3494 0 0 3.9270 1 0
4 5.2000 74.2633 567.2783 0 0 3.9270 1 0
4 5.2000 81.3343 560.2073 0 0 3.9270 1 0
4 5.2000 88.4054 553.1362 0 0 3.9270 1 0
8 5.2000 95.4765 546.0651 0 0 3.9270 1 0
8 5.2000 99.2057 537.0620 0 0 3.1416 1 0
8 5.2000 95.4765 528.0589 0 0 2.3562 1 0
8 5.2000 86.4734 524.3297 0 0 1.5708 1 0
36 5.2000 77.4703 528.0589 0 0 0.7854 1 0
6 9.6713 71.1454 534.3838 0 0 0.7854 1 0
6 9.6713 62.1423 538.1130 0 0 1.5708 1 0
6 9.6713 53.1392 534.3838 0 0 2.3562 1 0
47 9.6713 49.4100 525.3807 0 0 3.1416 1 0
47 9.6713 49.4100 485.3807 0 0 3.1416 1 0
49 9.6713 49.4100 445.3807 0 0 3.1416 1 0
48 9.6713 49.4100 405.3807 0 0 3.1416 1 0
4 9.6713 49.4100 365.3807 0 0 3.1416 1 0
4 9.6713 49.4100 355.3807 0 0 3.1416 1 0
4 9.6713 49.4100 345.3807 0 0 3.1416 1 0
4 9.6713 49.4100 335.3807 0 0 3.1416 1 0
4 9.6713 49.4100 325.3807 0 0 3.1416 1 0
4 9.6713 49.4100 315.3807 0 0 3.1416 1 0
4 9.6713 49.4100 305.3807 0 0 3.1416 1 0
4 9.6713 49.4101 295.3807 0 0 3.1416 1 0
4 9.6713 49.4101 285.3807 0 0 3.1416 1 0
4 9.6713 49.4101 275.3807 0 0 3.1416 1 0
21 9.6713 49.4101 265.3807 0 0 3.1416 5 0
16 9.6713 49.4101 285.3807 0 0 3.1416 2 0
18 -1.2000 -7.8000 60.0062 0 0 0.0000 2 0
17 -1.2000 -7.8000 80.0062 0 0 0.0000 2 0
24 -1.2000 -7.8000 100.0062 0 0 0.0000 2 0
17 -1.2000 7.8000 99.9938 0 0 0.0000 2 0
18 -1.2000 -7.8000 180.0062 0 0 0.0000 2 0
24 -1.2000 7.8000 199.9938 0 0 0.0000 2 0
17 -1.2000 -7.8000 260.0062 0 0 0.0000 2 0
17 -1.2000 7.8000 299.9938 0 0 0.0000 2 0
17 -1.2000 7.8000 319.9938 0 0 0.0000 2 0
18 -1.2000 7.8000 359.9938 0 0 0.0000 2 0
17 -1.2000 7.8000 379.9938 0 0 0.0000 2 0
18 -1.2000 -7.8000 400.0062 0 0 0.0000 2 0
18 -1.2000 7.8000 399.9938 0 0 0.0000 2 0
24 -1.2000 -7.8000 420.0062 0 0 0.0000 2 0
18 -1.2000 7.8000 439.9938 0 0 0.0000 2 0
24 -1.2000 -7.8000 460.0062 0 0 0.0000 2 0
18 -1.2000 -7.8000 480.0062 0 0 0.0000 2 0
17 -1.2000 7.8000 479.9938 0 0 0.0000 2 0
18 -1.2000 -7.8000 500.0062 0 0 0.0000 2 0
24 -1.2000 -7.8000 520.0062 0 0 0.0000 2 0
17 -1.2000 7.8000 559.9938 0 0 0.0000 2 0
18 -1.2000 -7.8000 620.0062 0 0 0.0000 2 0
24 -1.2000 7.8000 619.9938 0 0 0.0000 2 0
17 -1.2000 -7.8000 640.0062 0 0 0.0000 2 0
18 -1.2000 -7.8000 660.0062 0 0 0.0000 2 0
18 -1.2000 7.8000 659.9938 0 0 0.0000 2 0
17 -1.2000 -7.8000 680.0062 0 0 0.0000 2 0
17 -1.2000 7.8000 679.9938 0 0 0.0000 2 0
24 -1.2000 -7.8000 700.0062 0 0 0.0000 2 0
24 -1.2000 7.8000 699.9938 0 0 0.0000 2 0
17 -1.2000 7.8000 719.9938 0 0 0.0000 2 0
24 -1.2000 -7.8000 760.0062 0 0 0.0000 2 0
18 -1.2000 -7.8000 780.0062 0 0 0.0000 2 0
24 -1.2000 7.8000 779.9938 0 0 0.0000 2 0
18 -1.2000 -7.8000 800.0062 0 0 0.0000 2 0
17 -1.2000 7.8000 799.9938 0 0 0.0000 2 0
18 -1.2000 -7.8000 820.0062 0 0 0.0000 2 0
24 -1.2000 -7.8000 840.0062 0 0 0.0000 2 0
18 -1.2000 -7.8000 920.0062 0 0 0.0000 2 0
18 -1.2000 7.8000 919.9938 0 0 0.0000 2 0
18 -1.2000 -7.8000 940.0062 0 0 0.0000 2 0
17 -1.2000 7.8000 939.9938 0 0 0.0000 2 0
17 -1.2000 7.8000 959.9938 0 0 0.0000 2 0
18 -1.2000 -7.8000 980.0062 0 0 0.0000 2 0
17 -1.2000 7.8000 999.9938 0 0 0.0000 2 0
18 -1.2000 7.8000 1019.9938 0 0 0.0000 2 0
18 -1.2000 -9.1469 1036.7656 0 0 -0.3927 2 0
24 -1.2000 5.2703 1042.7240 0 0 -0.3927 2 0
18 -1.2000 -18.7101 1046.3222 0 0 -1.1781 2 0
17 -1.2000 -32.2298 1046.3176 0 0 -1.9635 2 0
24 -1.2000 -38.1882 1060.7348 0 0 -1.9635 2 0
18 -1.2000 -79.2818 1014.8784 0 0 -1.9635 2 0
24 -1.2000 -85.2402 1029.2957 0 0 -1.9635 2 0
17 -1.2000 -88.8384 1005.3153 0 0 -2.7489 2 0
18 -1.2000 -106.8442 987.3160 0 0 -1.9635 2 0
18 -1.2000 -112.8026 1001.7333 0 0 -1.9635 2 0
18 -1.2000 -189.5724 987.2862 0 0 -1.5708 2 0
17 -1.2000 -189.5640 997.8862 0 0 -1.5708 2 0
18 -0.2000 -289.5640 997.8862 0 0 -1.5708 2 0
18 3.0000 -309.7327 967.1178 0 0 -3.1416 2 0
18 3.0000 -320.3327 967.1262 0 0 -3.1416 2 0
24 4.6000 -303.8238 952.8606 0 0 -3.9270 2 0
17 4.6000 -311.3251 945.3713 0 0 -3.9270 2 0
18 5.2000 -289.6817 938.7185 0 0 -3.9270 2 0
18 5.2000 -297.1830 931.2291 0 0 -3.9270 2 0
18 5.2000 -275.5396 924.5764 0 0 -3.9270 2 0
18 5.2000 -283.0408 917.0870 0 0 -3.9270 2 0
18 5.2000 -247.2553 896.2921 0 0 -3.9270 2 0
17 5.2000 -254.7566 888.8027 0 0 -3.9270 2 0
17 5.2000 -233.1131 882.1500 0 0 -3.9270 2 0
20 5.2000 -240.7560 874.5193 0 0 3.9270 2 0
18 5.2000 -218.9710 868.0078 0 0 -3.9270 2 0
17 5.2000 -226.4723 860.5185 0 0 -3.9270 2 0
18 5.2000 -204.8289 853.8657 0 0 -3.9270 2 0
18 5.2000 -212.3302 846.3763 0 0 -3.9270 2 0
20 5.2000 -198.3296 832.0929 0 0 3.9270 2 0
18 5.2000 -176.5446 825.5814 0 0 -3.9270 2 0
18 5.2000 -184.0459 818.0921 0 0 -3.9270 2 0
17 5.2000 -148.2603 797.2972 0 0 -3.9270 2 0
17 5.2000 -155.7616 789.8078 0 0 -3.9270 2 0
19 5.2000 -133.9766 783.2963 0 0 7.0686 2 0
17 5.2000 -141.6195 775.6657 0 0 -3.9270 2 0
19 5.2000 -119.8345 769.1542 0 0 7.0686 2 0
17 5.2000 -127.4773 761.5235 0 0 -3.9270 2 0
18 5.2000 -105.8339 754.8708 0 0 -3.9270 2 0
20 5.2000 -99.3346 733.0980 0 0 3.9270 2 0
17 5.2000 -77.5496 726.5865 0 0 -3.9270 2 0
20 5.2000 -63.2659 712.5857 0 0 7.0686 2 0
19 5.2000 -71.0503 704.8137 0 0 3.9270 2 0
17 5.2000 63.8718 585.1652 0 0 -3.9270 2 0
20 5.2000 56.2289 577.5345 0 0 3.9270 2 0
20 5.2000 70.3711 563.3924 0 0 3.9270 2 0
20 5.2000 84.5132 549.2502 0 0 3.9270 2 0
17 5.2000 104.5057 537.0578 0 0 -3.1416 2 0
17 5.2000 86.4776 529.6297 0 0 -1.5708 2 0
18 9.6713 56.8839 530.6332 0 0 -2.3562 2 0
20 9.6713 43.9100 335.3851 0 0 3.1416 2 0
17 9.6713 54.7100 315.3765 0 0 -3.1416 2 0
18 9.6713 44.1100 315.3849 0 0 -3.1416 2 0
19 9.6713 43.9101 295.3851 0 0 3.1416 2 0
