ambient 0.5
headlight 0.2
directional 0.6
lightdir -1.0 1.0 1.0
background 160 180 255
clfactors 1.0 1.0 1.0
objtypes 37
data/steer.geo data/steer.col data/noref.ref data/nocl.cld
data/speed.geo data/speed.col data/noref.ref data/nocl.cld
data/dmod.geo data/dmod.col data/noref.ref data/nocl.cld
data/roads.geo data/roads.col data/roads.ref data/road.cld
data/roadlw.geo data/road.col data/roadlw.ref data/road.cld
data/roadln.geo data/road.col data/roadln.ref data/road.cld
data/roadrw.geo data/road.col data/roadrw.ref data/road.cld
data/roadrn.geo data/road.col data/roadrn.ref data/road.cld
data/road25.geo data/road.col data/road25.ref data/road.cld
data/road50.geo data/road.col data/road50.ref data/road.cld
data/road75.geo data/road.col data/road75.ref data/road.cld
data/tunnb.geo data/tunnb.col data/tunnb.ref data/tunnb.cld
data/tunn.geo data/tunn.col data/tunn.ref data/tunn.cld
data/bridgec.geo data/bridgec.col data/bridgstr.ref data/bridgec.cld
data/bridges.geo data/bridges.col data/bridges.ref data/bridges.cld
data/start.geo data/start.col data/start.ref data/nocl.cld
data/tree1.geo data/tree1.col data/tree.ref data/tree.cld
data/tree2.geo data/tree2.col data/tree.ref data/tree.cld
data/house1.geo data/house1.col data/house1.ref data/house1.cld
data/house2.geo data/house2.col data/house2.ref data/house2.cld
data/trs.geo data/trs.col data/trs.ref data/trs.cld
data/wind.geo data/wind.col data/wind.ref data/wind.cld
data/prop.geo data/prop.col data/noref.ref data/nocl.cld
data/tree3.geo data/tree3.col data/tree.ref data/nocl.cld
data/glider.geo data/glider.col data/noref.ref data/nocl.cld
data/bridgescl.geo data/bridges.col data/bridgec.ref data/bridgescl.cld
data/loop4r.geo data/loopblue.col data/loop4r.ref data/loop4r.cld
data/loop2r.geo data/loopgreen.col data/loop2r.ref data/loop2r.cld
data/loop1r.geo data/loopred.col data/loop1r.ref data/loop1r.cld
data/loop4l.geo data/loopblue.col data/loop4l.ref data/loop4l.cld
data/loop2l.geo data/loopgreen.col data/loop2l.ref data/loop2l.cld
data/loop1l.geo data/loopred.col data/loop1l.ref data/loop1l.cld
data/corkl.geo data/cork.col data/corkl.ref data/corkl.cld
data/corkr.geo data/cork.col data/corkr.ref data/corkr.cld
data/road11.geo data/road.col data/road11.ref data/road.cld
data/road12.geo data/road.col data/road12.ref data/road.cld
data/roadhill.geo data/roadhill.col data/roads.ref data/roadhill.cld
objects 185
16 -1.2000 0.0000 20.0000 0 0 0.0000 2 0
21 -1.2000 0.0000 0.0000 0 0 3.1416 5 0
15 -1.2000 0.0000 0.0000 0 0 -0.0000 1 0
15 -1.2000 0.0000 10.0000 0 0 -0.0000 1 0
15 -1.2000 0.0000 20.0000 0 0 -0.0000 1 0
15 -1.2000 0.0000 30.0000 0 0 -0.0000 1 0
15 -1.2000 0.0000 40.0000 0 0 -0.0000 1 0
26 -3.6000 0.0000 60.0000 0 0 3.1416 1 0
14 -6.0000 0.0000 70.0000 0 0 3.1416 1 0
36 -10.4713 0.0000 78.9447 0 0 3.1416 1 0
35 -17.5424 0.0000 86.0158 0 0 3.1416 1 0
35 -24.6135 0.0000 93.0869 0 0 3.1416 1 0
35 -31.6846 0.0000 100.1580 0 0 3.1416 1 0
35 -38.7557 0.0000 107.2291 0 0 3.1416 1 0
35 -45.8268 0.0000 114.3002 0 0 3.1416 1 0
36 -50.2981 0.0000 123.2449 0 0 3.1416 1 0
11 -52.6981 0.0000 133.2449 0 0 3.1416 1 0
10 -54.2981 0.0000 143.2449 0 0 3.1416 1 0
9 -55.0981 0.0000 153.2449 0 0 3.1416 1 0
4 -55.0981 0.0000 153.2449 0 0 -0.0000 1 0
4 -55.0981 0.0000 163.2449 0 0 -0.0000 1 0
4 -55.0981 0.0000 173.2449 0 0 -0.0000 1 0
4 -55.0981 0.0000 183.2449 0 0 -0.0000 1 0
37 -55.0981 0.0000 193.2449 0 0 -0.0000 1 0
37 -55.0981 0.0000 213.2449 0 0 3.1416 1 0
4 -55.0981 0.0000 213.2449 0 0 -0.0000 1 0
4 -55.0981 0.0000 223.2449 0 0 -0.0000 1 0
4 -55.0981 0.0000 233.2449 0 0 -0.0000 1 0
4 -55.0981 0.0000 243.2449 0 0 -0.0000 1 0
9 -55.0981 0.0000 253.2449 0 0 -0.0000 1 0
10 -54.2981 0.0000 263.2449 0 0 -0.0000 1 0
11 -52.6981 0.0000 273.2449 0 0 -0.0000 1 0
36 -50.2981 0.0000 283.2449 0 0 -0.0000 1 0
35 -45.8268 0.0000 292.1896 0 0 -0.0000 1 0
8 -38.7557 0.0000 299.2607 0 0 -0.0000 1 0
4 -38.7557 3.7292 308.2638 0 0 -0.7854 1 0
6 -38.7557 10.8003 315.3349 0 0 -0.7854 1 0
6 -38.7557 14.5295 324.3380 0 0 -0.0000 1 0
6 -38.7557 10.8003 333.3411 0 0 0.7854 1 0
27 -38.7557 1.7972 337.0703 0 0 1.5708 1 0
8 -38.7557 1.7972 342.0703 0 0 1.5708 1 0
8 -38.7557 -7.2059 345.7995 0 0 0.7854 1 0
8 -38.7557 -10.9351 354.8026 0 0 -0.0000 1 0
4 -38.7557 -7.2059 363.8057 0 0 -0.7854 1 0
6 -38.7557 -0.1349 370.8767 0 0 -0.7854 1 0
4 -38.7557 3.5944 379.8798 0 0 -0.0000 1 0
4 -38.7557 3.5944 389.8798 0 0 -0.0000 1 0
4 -38.7557 3.5944 399.8798 0 0 -0.0000 1 0
12 -38.7557 3.5944 409.8798 0 0 -0.0000 1 0
13 -38.7557 3.5944 419.8798 0 0 -0.0000 1 0
12 -38.7557 3.5944 439.8798 0 0 3.1416 1 0
5 -38.7557 3.5944 439.8798 0 0 -0.0000 1 0
5 -38.7557 1.6561 449.6246 0 0 0.3927 1 0
5 -38.7557 -3.8639 457.8859 0 0 0.7854 1 0
4 -38.7557 -12.1251 463.4059 0 0 1.1781 1 0
4 -38.7557 -21.3639 467.2328 0 0 1.1781 1 0
4 -38.7557 -30.6027 471.0596 0 0 1.1781 1 0
4 -38.7557 -39.8415 474.8864 0 0 1.1781 1 0
4 -38.7557 -49.0803 478.7133 0 0 1.1781 1 0
35 -45.8268 -64.8519 485.2461 0 0 4.3197 1 0
35 -52.8979 -71.3847 487.9521 0 0 4.3197 1 0
35 -59.9690 -77.9176 490.6581 0 0 4.3197 1 0
36 -64.4403 -86.1814 494.0811 0 0 4.3197 1 0
11 -66.8403 -95.4202 497.9079 0 0 4.3197 1 0
4 -66.8403 -95.4202 497.9079 0 0 1.1781 1 0
29 -66.8403 -104.6590 501.7347 0 0 1.1781 1 0
4 -66.8403 -102.7456 506.3541 0 0 1.1781 1 0
11 -66.8403 -111.9844 510.1810 0 0 1.1781 1 0
12 -64.4403 -121.2232 514.0078 0 0 1.1781 1 0
13 -64.4403 -130.4620 517.8346 0 0 1.1781 1 0
12 -64.4403 -148.9396 525.4883 0 0 4.3197 1 0
15 -64.4403 -148.9396 525.4883 0 0 1.1781 1 0
15 -64.4403 -158.1784 529.3151 0 0 1.1781 1 0
15 -64.4403 -167.4172 533.1420 0 0 1.1781 1 0
15 -64.4403 -176.6560 536.9688 0 0 1.1781 1 0
15 -64.4403 -185.8947 540.7956 0 0 1.1781 1 0
14 -66.8403 -204.3723 548.4493 0 0 4.3197 1 0
8 -66.8403 -204.3723 548.4493 0 0 1.1781 1 0
8 -66.8403 -211.2630 555.3400 0 0 0.3927 1 0
8 -66.8403 -211.2630 565.0848 0 0 -0.3927 1 0
8 -66.8403 -204.3724 571.9755 0 0 -1.1781 1 0
10 -68.4403 -185.3887 568.1487 0 0 1.1781 1 0
9 -68.4403 -185.3887 568.1487 0 0 -1.9635 1 0
11 -67.6403 -176.1499 564.3219 0 0 -1.9635 1 0
4 -65.2403 -166.9111 560.4950 0 0 -1.9635 1 0
4 -65.2403 -157.6723 556.6682 0 0 -1.9635 1 0
4 -65.2403 -148.4335 552.8414 0 0 -1.9635 1 0
10 -65.2403 -139.1947 549.0145 0 0 -1.9635 1 0
4 -63.6403 -129.9559 545.1877 0 0 -1.9635 1 0
4 -63.6403 -120.7171 541.3608 0 0 -1.9635 1 0
14 -63.6403 -111.4783 537.5340 0 0 -1.9635 1 0
26 -61.2403 -102.2395 533.7072 0 0 -1.9635 1 0
26 -58.8403 -93.0007 529.8803 0 0 -1.9635 1 0
26 -56.4403 -83.7619 526.0535 0 0 -1.9635 1 0
26 -54.0403 -74.5231 522.2267 0 0 -1.9635 1 0
26 -51.6403 -65.2843 518.3998 0 0 -1.9635 1 0
26 -49.2403 -56.0455 514.5730 0 0 -1.9635 1 0
26 -46.8403 -46.8068 510.7462 0 0 -1.9635 1 0
26 -44.4403 -37.5680 506.9193 0 0 -1.9635 1 0
26 -42.0403 -28.3292 503.0925 0 0 -1.9635 1 0
26 -39.6403 -19.0904 499.2657 0 0 -1.9635 1 0
12 -37.2403 -9.8516 495.4388 0 0 -1.9635 1 0
13 -37.2403 -0.6128 491.6120 0 0 -1.9635 1 0
12 -37.2403 17.8648 483.9583 0 0 1.1781 1 0
4 -37.2403 17.8648 483.9583 0 0 -1.9635 1 0
7 -37.2403 27.1036 480.1315 0 0 -1.9635 1 0
7 -37.2403 35.3649 474.6116 0 0 -2.3562 1 0
7 -37.2403 40.8849 466.3504 0 0 -2.7489 1 0
4 -37.2403 42.8233 456.6056 0 0 -3.1416 1 0
4 -37.2403 42.8233 446.6056 0 0 -3.1416 1 0
4 -37.2403 42.8233 436.6056 0 0 -3.1416 1 0
4 -37.2403 42.8233 426.6056 0 0 -3.1416 1 0
4 -37.2403 42.8233 416.6056 0 0 -3.1416 1 0
4 -37.2403 42.8233 406.6056 0 0 -3.1416 1 0
4 -37.2403 42.8233 396.6056 0 0 -3.1416 1 0
9 -37.2403 42.8233 386.6056 0 0 -3.1416 1 0
4 -36.4403 42.8233 376.6056 0 0 -3.1416 1 0
4 -36.4403 42.8233 366.6056 0 0 -3.1416 1 0
4 -36.4403 42.8233 356.6056 0 0 -3.1416 1 0
4 -36.4403 42.8233 346.6056 0 0 -3.1416 1 0
4 -36.4403 42.8233 336.6056 0 0 -3.1416 1 0
4 -36.4403 42.8233 326.6056 0 0 -3.1416 1 0
4 -36.4403 42.8233 316.6056 0 0 -3.1416 1 0
4 -36.4403 42.8233 306.6056 0 0 -3.1416 1 0
14 -36.4403 42.8233 296.6056 0 0 -3.1416 1 0
26 -34.0403 42.8233 286.6056 0 0 -3.1416 1 0
26 -31.6403 42.8233 276.6056 0 0 -3.1416 1 0
26 -29.2403 42.8233 266.6056 0 0 -3.1416 1 0
26 -26.8403 42.8233 256.6056 0 0 -3.1416 1 0
26 -24.4403 42.8233 246.6056 0 0 -3.1416 1 0
26 -22.0403 42.8233 236.6056 0 0 -3.1416 1 0
26 -19.6403 42.8233 226.6056 0 0 -3.1416 1 0
26 -17.2403 42.8233 216.6056 0 0 -3.1416 1 0
26 -14.8403 42.8233 206.6056 0 0 -3.1416 1 0
15 -12.4403 42.8233 196.6056 0 0 -3.1416 1 0
15 -12.4403 42.8233 186.6056 0 0 -3.1416 1 0
15 -12.4403 42.8233 176.6056 0 0 -3.1416 1 0
15 -12.4403 42.8233 166.6056 0 0 -3.1416 1 0
15 -12.4403 42.8233 156.6056 0 0 -3.1416 1 0
21 -12.4403 42.8233 146.6056 0 0 -3.1416 5 0
16 -12.4403 42.8233 166.6056 0 0 -3.1416 2 0
17 -54.8981 -5.3000 143.2491 0 0 0.0000 2 0
17 -54.8981 5.3000 143.2407 0 0 0.0000 2 0
18 -55.2981 -5.3000 163.2491 0 0 0.0000 2 0
19 -55.0981 -5.5000 183.2493 0 0 3.1416 2 0
18 -55.0981 5.3000 183.2407 0 0 0.0000 2 0
19 -55.0981 -5.5000 203.2493 0 0 3.1416 2 0
19 -55.0981 5.5000 203.2405 0 0 -0.0000 2 0
17 -55.0981 -5.3000 223.2491 0 0 0.0000 2 0
24 -55.0981 5.3000 223.2407 0 0 0.0000 2 0
20 -55.0981 -5.5000 243.2493 0 0 3.1416 2 0
24 -55.0981 5.3000 243.2407 0 0 0.0000 2 0
17 -54.6981 -5.3000 263.2491 0 0 0.0000 2 0
18 -54.6981 5.3000 263.2407 0 0 0.0000 2 0
20 -38.7557 6.9143 319.2271 0 0 2.3562 2 0
24 -38.7557 14.5449 311.5842 0 0 0.7854 2 0
24 -38.7557 3.6098 367.1261 0 0 0.7854 2 0
20 -38.7557 -1.9056 389.8842 0 0 3.1416 2 0
18 -38.7557 8.8943 389.8756 0 0 0.0000 2 0
20 -38.7557 -10.0163 468.4856 0 0 1.1781 2 0
20 -38.7557 -32.7115 465.9799 0 0 4.3197 2 0
24 -38.7557 -28.5705 475.9545 0 0 -1.1781 2 0
19 -38.7557 -51.1891 473.6336 0 0 4.3197 2 0
20 -66.8403 -206.4731 577.0585 0 0 1.9635 2 0
24 -66.8403 -202.3480 567.0774 0 0 1.1781 2 0
18 -68.8403 -183.3566 573.0436 0 0 1.9635 2 0
18 -68.8403 -187.4208 563.2538 0 0 1.9635 2 0
24 -65.8403 -164.8790 565.3900 0 0 1.9635 2 0
24 -65.2403 -146.4014 557.7363 0 0 1.9635 2 0
20 -65.2403 -150.5423 547.7617 0 0 -1.9635 2 0
18 -64.0403 -127.9238 550.0826 0 0 1.9635 2 0
18 -64.0403 -131.9880 540.2927 0 0 1.9635 2 0
19 -37.2403 39.2571 478.4975 0 0 0.7854 2 0
20 -37.2403 31.4727 470.7256 0 0 -2.3562 2 0
17 -37.2403 37.5233 456.6098 0 0 3.1416 2 0
24 -37.2403 48.1233 436.6014 0 0 3.1416 2 0
20 -37.2403 37.3233 436.6100 0 0 -3.1416 2 0
24 -37.2403 48.1233 416.6014 0 0 3.1416 2 0
19 -37.2403 48.3233 396.6012 0 0 0.0000 2 0
18 -37.2403 37.5233 396.6098 0 0 3.1416 2 0
17 -36.6403 48.1233 376.6014 0 0 3.1416 2 0
24 -36.6403 37.5233 376.6098 0 0 3.1416 2 0
20 -36.4403 37.3233 356.6100 0 0 -3.1416 2 0
24 -36.4403 37.5233 336.6098 0 0 3.1416 2 0
19 -36.4403 48.3233 316.6012 0 0 0.0000 2 0
