ambient 0.6
headlight 0.0
directional 1.1
lightdir -0.5 -1.4 0.3
background 250 200 170
clfactors 1.1 0.95 0.9
objtypes 36
data/steer.geo data/steer.col data/noref.ref data/nocl.cld
data/speed.geo data/speed.col data/noref.ref data/nocl.cld
data/dmod.geo data/dmod.col data/noref.ref data/nocl.cld
data/roads.geo data/roads.col data/roads.ref data/road.cld
data/roadlw.geo data/road.col data/roadlw.ref data/road.cld
data/roadln.geo data/road.col data/roadln.ref data/road.cld
data/roadrw.geo data/road.col data/roadrw.ref data/road.cld
data/roadrn.geo data/road.col data/roadrn.ref data/road.cld
data/road25.geo data/road.col data/road25.ref data/road.cld
data/road50.geo data/road.col data/road50.ref data/road.cld
data/road75.geo data/road.col data/road75.ref data/road.cld
data/tunnb.geo data/tunnb.col data/tunnb.ref data/tunnb.cld
data/tunn.geo data/tunn.col data/tunn.ref data/tunn.cld
data/bridgec.geo data/bridgec.col data/bridgstr.ref data/bridgec.cld
data/bridges.geo data/bridges.col data/bridges.ref data/bridges.cld
data/start.geo data/start.col data/start.ref data/nocl.cld
data/tree1.geo data/tree1.col data/tree.ref data/tree.cld
data/tree2.geo data/tree2.col data/tree.ref data/tree.cld
data/house1.geo data/house1.col data/house1.ref data/house1.cld
data/house2.geo data/house2.col data/house2.ref data/house2.cld
data/trs.geo data/trs.col data/trs.ref data/trs.cld
data/wind.geo data/wind.col data/wind.ref data/wind.cld
data/prop.geo data/prop.col data/noref.ref data/nocl.cld
data/tree3.geo data/tree3.col data/tree.ref data/nocl.cld
data/glider.geo data/glider.col data/noref.ref data/nocl.cld
data/bridgescl.geo data/bridges.col data/bridgec.ref data/bridgescl.cld
data/loop4r.geo data/loopblue.col data/loop4r.ref data/loop4r.cld
data/loop2r.geo data/loopgreen.col data/loop2r.ref data/loop2r.cld
data/loop1r.geo data/loopred.col data/loop1r.ref data/loop1r.cld
data/loop4l.geo data/loopblue.col data/loop4l.ref data/loop4l.cld
data/loop2l.geo data/loopgreen.col data/loop2l.ref data/loop2l.cld
data/loop1l.geo data/loopred.col data/loop1l.ref data/loop1l.cld
data/corkl.geo data/cork.col data/corkl.ref data/corkl.cld
data/corkr.geo data/cork.col data/corkr.ref data/corkr.cld
data/road11.geo data/road.col data/road11.ref data/road.cld
data/road12.geo data/road.col data/road12.ref data/road.cld
objects 518
16 -1.20 0 20 0 0 0 2 0
21 -1.2000 0.0000 0.0000 0 0 3.1416 5 0
4 -1.2000 0.0000 0.0000 0 0 -0.0000 1 0
4 -1.2000 0.0000 10.0000 0 0 -0.0000 1 0
4 -1.2000 0.0000 20.0000 0 0 -0.0000 1 0
4 -1.2000 0.0000 30.0000 0 0 -0.0000 1 0
4 -1.2000 0.0000 40.0000 0 0 -0.0000 1 0
4 -1.2000 0.0000 50.0000 0 0 -0.0000 1 0
4 -1.2000 0.0000 60.0000 0 0 -0.0000 1 0
4 -1.2000 0.0000 70.0000 0 0 -0.0000 1 0
4 -1.2000 0.0000 80.0000 0 0 -0.0000 1 0
4 -1.2000 0.0000 90.0000 0 0 -0.0000 1 0
6 -1.2000 0.0000 100.0000 0 0 -0.0000 1 0
6 -1.2000 -3.7292 109.0031 0 0 0.7854 1 0
6 -1.2000 -12.7323 112.7323 0 0 1.5708 1 0
4 -1.2000 -21.7354 109.0031 0 0 2.3562 1 0
9 -1.2000 -28.8065 101.9320 0 0 2.3562 1 0
9 -0.4000 -35.8775 94.8610 0 0 2.3562 1 0
9 0.4000 -42.9486 87.7899 0 0 2.3562 1 0
9 1.2000 -50.0197 80.7188 0 0 2.3562 1 0
9 2.0000 -57.0907 73.6478 0 0 2.3562 1 0
9 2.8000 -64.1618 66.5767 0 0 2.3562 1 0
9 3.6000 -71.2329 59.5056 0 0 2.3562 1 0
9 4.4000 -78.3039 52.4346 0 0 2.3562 1 0
9 5.2000 -85.3750 45.3635 0 0 2.3562 1 0
9 6.0000 -92.4461 38.2924 0 0 2.3562 1 0
4 6.8000 -99.5171 31.2214 0 0 2.3562 1 0
9 6.0000 -113.6593 17.0792 0 0 5.4978 1 0
9 5.2000 -120.7303 10.0081 0 0 5.4978 1 0
9 4.4000 -127.8014 2.9371 0 0 5.4978 1 0
9 3.6000 -134.8725 -4.1340 0 0 5.4978 1 0
9 2.8000 -141.9435 -11.2051 0 0 5.4978 1 0
9 2.0000 -149.0146 -18.2761 0 0 5.4978 1 0
9 1.2000 -156.0857 -25.3472 0 0 5.4978 1 0
9 0.4000 -163.1567 -32.4183 0 0 5.4978 1 0
9 -0.4000 -170.2278 -39.4893 0 0 5.4978 1 0
9 -1.2000 -177.2989 -46.5604 0 0 5.4978 1 0
4 -1.2000 -177.2989 -46.5604 0 0 2.3562 1 0
4 -1.2000 -184.3699 -53.6315 0 0 2.3562 1 0
4 -1.2000 -191.4410 -60.7025 0 0 2.3562 1 0
4 -1.2000 -198.5121 -67.7736 0 0 2.3562 1 0
4 -1.2000 -205.5831 -74.8447 0 0 2.3562 1 0
4 -1.2000 -212.6542 -81.9157 0 0 2.3562 1 0
4 -1.2000 -219.7253 -88.9868 0 0 2.3562 1 0
5 -1.2000 -226.7963 -96.0579 0 0 2.3562 1 0
5 -1.2000 -232.3164 -104.3191 0 0 2.7489 1 0
4 -1.2000 -234.2548 -114.0639 0 0 3.1416 1 0
4 -1.2000 -234.2548 -124.0639 0 0 3.1416 1 0
4 -1.2000 -234.2548 -134.0639 0 0 3.1416 1 0
4 -1.2000 -234.2548 -144.0639 0 0 3.1416 1 0
4 -1.2000 -234.2548 -154.0639 0 0 3.1416 1 0
4 -1.2000 -234.2548 -164.0639 0 0 3.1416 1 0
4 -1.2000 -234.2548 -174.0639 0 0 3.1416 1 0
4 -1.2000 -234.2548 -184.0639 0 0 3.1416 1 0
4 -1.2000 -234.2548 -194.0639 0 0 3.1416 1 0
4 -1.2000 -234.2548 -204.0639 0 0 3.1416 1 0
4 -1.2000 -234.2548 -214.0639 0 0 3.1416 1 0
4 -1.2000 -234.2548 -224.0639 0 0 3.1416 1 0
4 -1.2000 -234.2548 -234.0639 0 0 3.1416 1 0
4 -1.2000 -234.2548 -244.0639 0 0 3.1416 1 0
4 -1.2000 -234.2548 -254.0639 0 0 3.1416 1 0
4 -1.2000 -234.2548 -264.0639 0 0 3.1416 1 0
4 -1.2000 -234.2548 -274.0639 0 0 3.1416 1 0
4 -1.2000 -234.2548 -284.0639 0 0 3.1416 1 0
4 -1.2000 -234.2548 -294.0639 0 0 3.1416 1 0
4 -1.2000 -234.2548 -304.0639 0 0 3.1416 1 0
9 -1.2000 -234.2548 -314.0639 0 0 3.1416 1 0
10 -0.4000 -234.2548 -324.0639 0 0 3.1416 1 0
11 1.2000 -234.2548 -334.0639 0 0 3.1416 1 0
36 3.6000 -234.2548 -344.0639 0 0 3.1416 1 0
8 8.0713 -234.2547 -353.0086 0 0 3.1416 1 0
8 8.0713 -237.9839 -362.0117 0 0 2.3562 1 0
6 8.0713 -246.9870 -365.7409 0 0 1.5708 1 0
6 8.0713 -255.9901 -369.4701 0 0 2.3562 1 0
6 8.0713 -259.7194 -378.4732 0 0 3.1416 1 0
6 8.0713 -255.9902 -387.4763 0 0 3.9270 1 0
8 8.0713 -246.9871 -391.2055 0 0 4.7124 1 0
8 8.0713 -237.9840 -394.9347 0 0 3.9270 1 0
4 8.0713 -234.2547 -403.9378 0 0 3.1416 1 0
4 8.0713 -234.2547 -413.9378 0 0 3.1416 1 0
4 8.0713 -234.2547 -423.9378 0 0 3.1416 1 0
4 8.0713 -234.2547 -433.9378 0 0 3.1416 1 0
4 8.0713 -234.2547 -443.9378 0 0 3.1416 1 0
4 8.0713 -234.2547 -453.9378 0 0 3.1416 1 0
4 8.0713 -234.2547 -463.9378 0 0 3.1416 1 0
9 8.0713 -234.2547 -473.9378 0 0 3.1416 1 0
10 8.8713 -234.2547 -483.9378 0 0 3.1416 1 0
11 10.4713 -234.2547 -493.9378 0 0 3.1416 1 0
36 12.8713 -234.2547 -503.9378 0 0 3.1416 1 0
36 17.3426 -234.2547 -512.8825 0 0 3.1416 1 0
36 21.8139 -234.2547 -521.8272 0 0 3.1416 1 0
36 26.2852 -234.2547 -530.7719 0 0 3.1416 1 0
36 30.7565 -234.2547 -539.7166 0 0 3.1416 1 0
11 35.2278 -234.2547 -548.6613 0 0 3.1416 1 0
10 37.6278 -234.2547 -558.6613 0 0 3.1416 1 0
9 39.2278 -234.2547 -568.6613 0 0 3.1416 1 0
4 40.0278 -234.2547 -578.6613 0 0 3.1416 1 0
4 40.0278 -234.2547 -588.6613 0 0 3.1416 1 0
4 40.0278 -234.2547 -598.6613 0 0 3.1416 1 0
4 40.0278 -234.2547 -608.6613 0 0 3.1416 1 0
4 40.0278 -234.2547 -618.6613 0 0 3.1416 1 0
14 40.0278 -234.2547 -628.6613 0 0 3.1416 1 0
15 42.4278 -234.2547 -638.6613 0 0 3.1416 1 0
15 42.4278 -234.2547 -648.6613 0 0 3.1416 1 0
15 42.4278 -234.2547 -658.6613 0 0 3.1416 1 0
15 42.4278 -234.2547 -668.6613 0 0 3.1416 1 0
15 42.4278 -234.2547 -678.6613 0 0 3.1416 1 0
15 42.4278 -234.2547 -688.6613 0 0 3.1416 1 0
15 42.4278 -234.2547 -698.6613 0 0 3.1416 1 0
12 42.4278 -234.2547 -708.6613 0 0 3.1416 1 0
13 42.4278 -234.2547 -718.6613 0 0 3.1416 1 0
13 42.4278 -234.2547 -728.6613 0 0 3.1416 1 0
13 42.4278 -234.2547 -738.6613 0 0 3.1416 1 0
12 42.4278 -234.2547 -758.6613 0 0 6.2832 1 0
4 42.4278 -234.2547 -758.6613 0 0 3.1416 1 0
4 42.4278 -234.2547 -768.6613 0 0 3.1416 1 0
7 42.4278 -234.2547 -778.6613 0 0 3.1416 1 0
7 42.4278 -236.1930 -788.4061 0 0 2.7489 1 0
7 42.4278 -241.7129 -796.6673 0 0 2.3562 1 0
7 42.4278 -249.9741 -802.1874 0 0 1.9635 1 0
7 42.4278 -259.7189 -804.1258 0 0 1.5708 1 0
7 42.4278 -269.4637 -802.1875 0 0 1.1781 1 0
7 42.4278 -277.7250 -796.6676 0 0 0.7854 1 0
7 42.4278 -283.2450 -788.4064 0 0 0.3927 1 0
7 42.4278 -285.1834 -778.6616 0 0 0.0000 1 0
4 42.4278 -283.2451 -768.9168 0 0 -0.3927 1 0
4 42.4278 -279.4183 -759.6780 0 0 -0.3927 1 0
9 41.6278 -271.7646 -741.2004 0 0 2.7489 1 0
10 40.0278 -267.9378 -731.9616 0 0 2.7489 1 0
9 39.2278 -264.1109 -722.7228 0 0 2.7489 1 0
4 39.2278 -264.1109 -722.7228 0 0 -0.3927 1 0
4 39.2278 -260.2841 -713.4840 0 0 -0.3927 1 0
4 39.2278 -256.4573 -704.2452 0 0 -0.3927 1 0
6 39.2278 -252.6304 -695.0064 0 0 -0.3927 1 0
6 39.2278 -252.6304 -685.2615 0 0 0.3927 1 0
4 39.2278 -259.5211 -678.3709 0 0 1.1781 1 0
4 39.2278 -268.7599 -674.5440 0 0 1.1781 1 0
4 39.2278 -277.9987 -670.7172 0 0 1.1781 1 0
4 39.2278 -287.2375 -666.8904 0 0 1.1781 1 0
4 39.2278 -296.4763 -663.0635 0 0 1.1781 1 0
9 39.2278 -305.7151 -659.2367 0 0 1.1781 1 0
9 40.0278 -314.9539 -655.4099 0 0 1.1781 1 0
10 40.8278 -324.1927 -651.5830 0 0 1.1781 1 0
10 42.4278 -333.4315 -647.7562 0 0 1.1781 1 0
10 44.0278 -342.6702 -643.9294 0 0 1.1781 1 0
10 45.6278 -351.9090 -640.1025 0 0 1.1781 1 0
9 47.2278 -361.1478 -636.2757 0 0 1.1781 1 0
4 48.0278 -370.3866 -632.4489 0 0 1.1781 1 0
4 48.0278 -379.6254 -628.6220 0 0 1.1781 1 0
4 48.0278 -388.8642 -624.7952 0 0 1.1781 1 0
4 48.0278 -398.1030 -620.9683 0 0 1.1781 1 0
4 48.0278 -407.3418 -617.1415 0 0 1.1781 1 0
4 48.0278 -416.5806 -613.3147 0 0 1.1781 1 0
28 48.0278 -425.8194 -609.4878 0 0 1.1781 1 0
4 48.0278 -423.9060 -604.8685 0 0 1.1781 1 0
4 48.0278 -433.1448 -601.0416 0 0 1.1781 1 0
4 48.0278 -442.3836 -597.2148 0 0 1.1781 1 0
5 48.0278 -451.6224 -593.3879 0 0 1.1781 1 0
4 48.0278 -461.3672 -591.4495 0 0 1.5708 1 0
4 48.0278 -471.3672 -591.4495 0 0 1.5708 1 0
34 48.0278 -481.3672 -591.4495 0 0 1.6961 1 0
4 48.0278 -481.3672 -591.4495 0 0 1.5708 1 0
4 48.0278 -491.3672 -591.4495 0 0 1.5708 1 0
7 48.0278 -501.3672 -591.4495 0 0 1.5708 1 0
7 48.0278 -511.1120 -589.5112 0 0 1.1781 1 0
7 48.0278 -519.3732 -583.9913 0 0 0.7854 1 0
5 48.0278 -524.8933 -575.7301 0 0 0.3927 1 0
4 48.0278 -530.4132 -567.4688 0 0 0.7854 1 0
4 48.0278 -537.4842 -560.3978 0 0 0.7854 1 0
4 48.0278 -544.5553 -553.3267 0 0 0.7854 1 0
4 48.0278 -551.6264 -546.2556 0 0 0.7854 1 0
4 48.0278 -558.6975 -539.1846 0 0 0.7854 1 0
4 48.0278 -565.7685 -532.1135 0 0 0.7854 1 0
4 48.0278 -572.8396 -525.0424 0 0 0.7854 1 0
4 48.0278 -579.9107 -517.9714 0 0 0.7854 1 0
4 48.0278 -586.9817 -510.9003 0 0 0.7854 1 0
4 48.0278 -594.0528 -503.8292 0 0 0.7854 1 0
4 48.0278 -601.1239 -496.7582 0 0 0.7854 1 0
4 48.0278 -608.1949 -489.6871 0 0 0.7854 1 0
4 48.0278 -615.2660 -482.6160 0 0 0.7854 1 0
4 48.0278 -622.3371 -475.5450 0 0 0.7854 1 0
4 48.0278 -629.4081 -468.4739 0 0 0.7854 1 0
4 48.0278 -636.4792 -461.4028 0 0 0.7854 1 0
4 48.0278 -643.5503 -454.3318 0 0 0.7854 1 0
4 48.0278 -650.6213 -447.2607 0 0 0.7854 1 0
9 48.0278 -657.6924 -440.1896 0 0 0.7854 1 0
10 48.8278 -664.7635 -433.1186 0 0 0.7854 1 0
11 50.4278 -671.8345 -426.0475 0 0 0.7854 1 0
36 52.8278 -678.9056 -418.9764 0 0 0.7854 1 0
35 57.2991 -685.2305 -412.6516 0 0 0.7854 1 0
36 64.3702 -690.2305 -407.6515 0 0 0.7854 1 0
11 68.8415 -696.5553 -401.3267 0 0 0.7854 1 0
10 71.2415 -703.6264 -394.2556 0 0 0.7854 1 0
9 72.8415 -710.6975 -387.1845 0 0 0.7854 1 0
6 73.6415 -717.7686 -380.1135 0 0 0.7854 1 0
6 73.6415 -726.7716 -376.3843 0 0 1.5708 1 0
4 73.6415 -735.7747 -380.1135 0 0 2.3562 1 0
4 73.6415 -742.8458 -387.1845 0 0 2.3562 1 0
4 73.6415 -749.9169 -394.2556 0 0 2.3562 1 0
4 73.6415 -756.9880 -401.3267 0 0 2.3562 1 0
4 73.6415 -764.0590 -408.3977 0 0 2.3562 1 0
4 73.6415 -771.1301 -415.4688 0 0 2.3562 1 0
4 73.6415 -778.2012 -422.5399 0 0 2.3562 1 0
4 73.6415 -785.2722 -429.6110 0 0 2.3562 1 0
4 73.6415 -792.3433 -436.6820 0 0 2.3562 1 0
4 73.6415 -799.4144 -443.7531 0 0 2.3562 1 0
12 73.6415 -806.4854 -450.8242 0 0 2.3562 1 0
13 73.6415 -813.5565 -457.8952 0 0 2.3562 1 0
13 73.6415 -820.6276 -464.9663 0 0 2.3562 1 0
13 73.6415 -827.6986 -472.0374 0 0 2.3562 1 0
13 73.6415 -834.7697 -479.1084 0 0 2.3562 1 0
12 73.6415 -848.9118 -493.2506 0 0 5.4978 1 0
35 66.5704 -853.9118 -498.2506 0 0 5.4978 1 0
4 66.5704 -853.9118 -498.2506 0 0 2.3562 1 0
4 66.5704 -860.9829 -505.3217 0 0 2.3562 1 0
7 66.5704 -868.0540 -512.3927 0 0 2.3562 1 0
7 66.5704 -876.3152 -517.9128 0 0 1.9635 1 0
7 66.5704 -886.0600 -519.8512 0 0 1.5708 1 0
7 66.5704 -895.8048 -517.9129 0 0 1.1781 1 0
7 66.5704 -904.0660 -512.3930 0 0 0.7854 1 0
7 66.5704 -909.5860 -504.1318 0 0 0.3927 1 0
7 66.5704 -911.5245 -494.3870 0 0 0.0000 1 0
4 66.5704 -909.5862 -484.6422 0 0 -0.3927 1 0
4 66.5704 -905.7593 -475.4034 0 0 -0.3927 1 0
4 66.5704 -901.9325 -466.1646 0 0 -0.3927 1 0
4 66.5704 -898.1057 -456.9258 0 0 -0.3927 1 0
4 66.5704 -894.2788 -447.6870 0 0 -0.3927 1 0
4 66.5704 -890.4520 -438.4482 0 0 -0.3927 1 0
4 66.5704 -886.6252 -429.2094 0 0 -0.3927 1 0
4 66.5704 -882.7983 -419.9706 0 0 -0.3927 1 0
4 66.5704 -878.9715 -410.7318 0 0 -0.3927 1 0
4 66.5704 -875.1447 -401.4930 0 0 -0.3927 1 0
4 66.5704 -871.3178 -392.2542 0 0 -0.3927 1 0
4 66.5704 -867.4910 -383.0154 0 0 -0.3927 1 0
9 66.5704 -863.6642 -373.7766 0 0 -0.3927 1 0
10 67.3704 -859.8373 -364.5378 0 0 -0.3927 1 0
11 68.9704 -856.0105 -355.2990 0 0 -0.3927 1 0
35 64.2993 -849.4777 -339.5274 0 0 2.7489 1 0
4 64.2993 -849.4777 -339.5274 0 0 -0.3927 1 0
35 64.2993 -845.6508 -330.2886 0 0 -0.3927 1 0
11 68.9704 -839.1180 -314.5170 0 0 2.7489 1 0
10 67.3704 -835.2912 -305.2782 0 0 2.7489 1 0
9 66.5704 -831.4643 -296.0394 0 0 2.7489 1 0
4 66.5704 -831.4643 -296.0394 0 0 -0.3927 1 0
4 66.5704 -827.6375 -286.8006 0 0 -0.3927 1 0
4 66.5704 -823.8107 -277.5618 0 0 -0.3927 1 0
4 66.5704 -819.9838 -268.3230 0 0 -0.3927 1 0
4 66.5704 -816.1570 -259.0842 0 0 -0.3927 1 0
4 66.5704 -812.3302 -249.8454 0 0 -0.3927 1 0
4 66.5704 -808.5033 -240.6066 0 0 -0.3927 1 0
6 66.5704 -804.6765 -231.3678 0 0 -0.3927 1 0
6 66.5704 -804.6765 -221.6229 0 0 0.3927 1 0
6 66.5704 -811.5671 -214.7323 0 0 1.1781 1 0
4 66.5704 -821.3120 -214.7322 0 0 1.9635 1 0
4 66.5704 -830.5508 -218.5591 0 0 1.9635 1 0
4 66.5704 -839.7896 -222.3859 0 0 1.9635 1 0
4 66.5704 -849.0284 -226.2128 0 0 1.9635 1 0
4 66.5704 -858.2672 -230.0396 0 0 1.9635 1 0
4 66.5704 -867.5060 -233.8664 0 0 1.9635 1 0
4 66.5704 -876.7448 -237.6933 0 0 1.9635 1 0
4 66.5704 -885.9836 -241.5201 0 0 1.9635 1 0
4 66.5704 -895.2224 -245.3469 0 0 1.9635 1 0
4 66.5704 -904.4612 -249.1738 0 0 1.9635 1 0
4 66.5704 -913.7000 -253.0006 0 0 1.9635 1 0
4 66.5704 -922.9388 -256.8274 0 0 1.9635 1 0
4 66.5704 -932.1776 -260.6543 0 0 1.9635 1 0
4 66.5704 -941.4164 -264.4811 0 0 1.9635 1 0
4 66.5704 -950.6552 -268.3079 0 0 1.9635 1 0
34 66.5704 -959.8940 -272.1348 0 0 2.0888 1 0
4 66.5704 -959.8940 -272.1348 0 0 1.9635 1 0
4 66.5704 -969.1328 -275.9616 0 0 1.9635 1 0
4 66.5704 -978.3715 -279.7884 0 0 1.9635 1 0
4 66.5704 -987.6103 -283.6153 0 0 1.9635 1 0
4 66.5704 -996.8491 -287.4421 0 0 1.9635 1 0
5 66.5704 -1006.0879 -291.2689 0 0 1.9635 1 0
5 66.5704 -1014.3492 -296.7889 0 0 2.3562 1 0
8 66.5704 -1019.8692 -305.0501 0 0 2.7489 1 0
4 66.5704 -1026.7599 -311.9408 0 0 1.9635 1 0
4 66.5704 -1035.9987 -315.7676 0 0 1.9635 1 0
4 66.5704 -1045.2375 -319.5944 0 0 1.9635 1 0
4 66.5704 -1054.4763 -323.4213 0 0 1.9635 1 0
4 66.5704 -1063.7151 -327.2481 0 0 1.9635 1 0
28 66.5704 -1072.9539 -331.0749 0 0 1.9635 1 0
4 66.5704 -1074.8673 -326.4555 0 0 1.9635 1 0
4 66.5704 -1084.1061 -330.2824 0 0 1.9635 1 0
4 66.5704 -1093.3449 -334.1092 0 0 1.9635 1 0
9 66.5704 -1102.5837 -337.9360 0 0 1.9635 1 0
9 67.3704 -1111.8225 -341.7629 0 0 1.9635 1 0
9 68.1704 -1121.0613 -345.5897 0 0 1.9635 1 0
10 68.9704 -1130.3001 -349.4165 0 0 1.9635 1 0
10 70.5704 -1139.5388 -353.2434 0 0 1.9635 1 0
10 72.1704 -1148.7776 -357.0702 0 0 1.9635 1 0
10 73.7704 -1158.0164 -360.8971 0 0 1.9635 1 0
9 74.5704 -1176.4940 -368.5507 0 0 5.1051 1 0
9 73.7704 -1185.7328 -372.3776 0 0 5.1051 1 0
8 73.7704 -1185.7328 -372.3776 0 0 1.9635 1 0
8 73.7704 -1195.4777 -372.3776 0 0 1.1781 1 0
8 73.7704 -1202.3684 -365.4869 0 0 0.3927 1 0
7 73.7704 -1202.3684 -355.7420 0 0 -0.3927 1 0
7 73.7704 -1196.8485 -347.4807 0 0 -0.7854 1 0
4 73.7704 -1188.5873 -341.9607 0 0 -1.1781 1 0
4 73.7704 -1179.3485 -338.1339 0 0 -1.1781 1 0
4 73.7704 -1170.1097 -334.3070 0 0 -1.1781 1 0
9 73.7704 -1160.8709 -330.4802 0 0 -1.1781 1 0
9 74.5704 -1151.6321 -326.6534 0 0 -1.1781 1 0
32 75.3704 -1142.3933 -322.8265 0 0 -1.1781 1 0
4 75.3704 -1144.3067 -318.2072 0 0 -1.1781 1 0
4 75.3704 -1135.0679 -314.3803 0 0 -1.1781 1 0
4 75.3704 -1125.8291 -310.5535 0 0 -1.1781 1 0
4 75.3704 -1116.5903 -306.7266 0 0 -1.1781 1 0
4 75.3704 -1107.3515 -302.8998 0 0 -1.1781 1 0
4 75.3704 -1098.1127 -299.0730 0 0 -1.1781 1 0
4 75.3704 -1088.8739 -295.2461 0 0 -1.1781 1 0
4 75.3704 -1079.6351 -291.4193 0 0 -1.1781 1 0
4 75.3704 -1070.3963 -287.5925 0 0 -1.1781 1 0
4 75.3704 -1061.1575 -283.7656 0 0 -1.1781 1 0
4 75.3704 -1051.9187 -279.9388 0 0 -1.1781 1 0
4 75.3704 -1042.6799 -276.1120 0 0 -1.1781 1 0
4 75.3704 -1033.4412 -272.2851 0 0 -1.1781 1 0
4 75.3704 -1024.2024 -268.4583 0 0 -1.1781 1 0
21 75.3704 -1014.9636 -264.6315 0 0 -1.1781 5 0
16 75.3704 -1033.4412 -272.2851 0 0 -1.1781 2 0
17 -1.2000 -5.3000 40.0042 0 0 0.0000 2 0
18 -1.2000 5.3000 39.9958 0 0 0.0000 2 0
19 -1.2000 -5.5000 60.0044 0 0 3.1416 2 0
17 -1.2000 -5.3000 80.0042 0 0 0.0000 2 0
18 -1.2000 -5.3000 100.0042 0 0 0.0000 2 0
18 -1.2000 5.3000 99.9958 0 0 0.0000 2 0
17 -1.2000 -12.7365 107.4323 0 0 -1.5708 2 0
17 -1.2000 -12.7281 118.0323 0 0 -1.5708 2 0
18 -1.4000 -25.0618 98.1814 0 0 -2.3562 2 0
17 -1.4000 -32.5511 105.6827 0 0 -2.3562 2 0
17 0.2000 -46.6933 91.5406 0 0 -2.3562 2 0
17 1.8000 -53.3460 69.8971 0 0 -2.3562 2 0
18 1.8000 -60.8354 77.3984 0 0 -2.3562 2 0
18 3.4000 -74.9775 63.2563 0 0 -2.3562 2 0
18 5.0000 -81.6303 41.6128 0 0 -2.3562 2 0
18 5.0000 -89.1197 49.1141 0 0 -2.3562 2 0
17 6.6000 -95.7725 27.4707 0 0 -2.3562 2 0
18 6.6000 -103.2618 34.9720 0 0 -2.3562 2 0
17 5.8000 -109.9146 13.3286 0 0 -2.3562 2 0
17 5.8000 -117.4039 20.8299 0 0 -2.3562 2 0
18 4.2000 -124.0567 -0.8136 0 0 -2.3562 2 0
18 2.6000 -138.1989 -14.9557 0 0 -2.3562 2 0
17 2.6000 -145.6882 -7.4544 0 0 -2.3562 2 0
17 1.0000 -152.3410 -29.0978 0 0 -2.3562 2 0
24 -0.6000 -166.4831 -43.2400 0 0 -2.3562 2 0
18 -0.6000 -173.9725 -35.7387 0 0 -2.3562 2 0
18 -1.4000 -180.6253 -57.3821 0 0 -2.3562 2 0
24 -1.4000 -188.1146 -49.8808 0 0 -2.3562 2 0
17 -1.2000 -194.7674 -71.5243 0 0 -2.3562 2 0
17 -1.2000 -202.2568 -64.0230 0 0 -2.3562 2 0
17 -1.2000 -208.9095 -85.6664 0 0 -2.3562 2 0
18 -1.2000 -216.3989 -78.1651 0 0 -2.3562 2 0
17 -1.2000 -223.0517 -99.8085 0 0 -2.3562 2 0
18 -1.2000 -230.5410 -92.3072 0 0 -2.3562 2 0
17 -1.2000 -228.9548 -114.0681 0 0 -3.1416 2 0
19 -1.2000 -239.7548 -114.0595 0 0 3.1416 2 0
19 -1.2000 -228.7548 -134.0682 0 0 6.2832 2 0
17 -1.2000 -239.5548 -134.0596 0 0 -3.1416 2 0
18 -1.2000 -228.9548 -154.0681 0 0 -3.1416 2 0
17 -1.2000 -239.5548 -154.0596 0 0 -3.1416 2 0
18 -1.2000 -228.9548 -174.0681 0 0 -3.1416 2 0
18 -1.2000 -239.5548 -174.0596 0 0 -3.1416 2 0
17 -1.2000 -228.9548 -214.0681 0 0 -3.1416 2 0
18 -1.2000 -239.5548 -214.0596 0 0 -3.1416 2 0
17 -1.2000 -228.9548 -234.0681 0 0 -3.1416 2 0
24 -1.2000 -228.9548 -254.0681 0 0 -3.1416 2 0
19 -1.2000 -239.7548 -254.0595 0 0 3.1416 2 0
24 -1.2000 -228.9548 -274.0681 0 0 -3.1416 2 0
18 -1.2000 -228.9548 -294.0681 0 0 -3.1416 2 0
17 -1.2000 -239.5548 -294.0596 0 0 -3.1416 2 0
18 0.6000 -228.9548 -334.0681 0 0 -3.1416 2 0
17 0.6000 -239.5548 -334.0596 0 0 -3.1416 2 0
18 8.0713 -246.9913 -371.0409 0 0 -1.5708 2 0
18 8.0713 -254.4194 -378.4774 0 0 -3.1416 2 0
17 8.0713 -265.0194 -378.4689 0 0 -3.1416 2 0
17 8.0713 -246.9828 -385.9055 0 0 -4.7124 2 0
17 8.0713 -246.9913 -396.5055 0 0 -4.7124 2 0
20 8.0713 -228.7547 -403.9421 0 0 6.2832 2 0
20 8.0713 -228.7547 -423.9421 0 0 6.2832 2 0
18 8.0713 -228.9547 -443.9420 0 0 -3.1416 2 0
24 8.0713 -239.5547 -443.9335 0 0 -3.1416 2 0
18 8.0713 -228.9547 -463.9420 0 0 -3.1416 2 0
18 8.0713 -239.5547 -463.9335 0 0 -3.1416 2 0
17 8.4713 -228.9547 -483.9420 0 0 -3.1416 2 0
17 39.6278 -228.9547 -578.6655 0 0 -3.1416 2 0
18 39.6278 -239.5547 -578.6570 0 0 -3.1416 2 0
18 40.0278 -228.9547 -598.6655 0 0 -3.1416 2 0
18 40.0278 -239.5547 -598.6570 0 0 -3.1416 2 0
18 40.0278 -228.9547 -618.6655 0 0 -3.1416 2 0
18 40.0278 -239.5547 -618.6570 0 0 -3.1416 2 0
17 42.4278 -228.9547 -778.6655 0 0 -3.1416 2 0
17 42.4278 -239.5547 -778.6570 0 0 -3.1416 2 0
18 42.4278 -237.9682 -800.4180 0 0 -2.3562 2 0
17 42.4278 -245.4576 -792.9167 0 0 -2.3562 2 0
18 42.4278 -259.7231 -809.4258 0 0 -1.5708 2 0
18 42.4278 -281.4756 -800.4122 0 0 -0.7854 2 0
20 42.4278 -273.8328 -792.7816 0 0 0.7854 2 0
17 42.4278 -290.4834 -778.6574 0 0 -0.0000 2 0
24 42.4278 -279.8834 -778.6658 0 0 -0.0000 2 0
18 42.4278 -284.3132 -757.6459 0 0 0.3927 2 0
20 42.4278 -274.3386 -761.7868 0 0 -0.3927 2 0
18 41.2278 -276.6595 -739.1683 0 0 0.3927 2 0
17 41.2278 -266.8697 -743.2325 0 0 0.3927 2 0
18 39.2278 -261.3522 -702.2131 0 0 0.3927 2 0
18 39.2278 -251.5623 -706.2773 0 0 0.3927 2 0
17 39.2278 -257.5286 -687.2859 0 0 -0.3927 2 0
17 39.2278 -247.7322 -683.2372 0 0 -0.3927 2 0
17 39.2278 -270.7920 -679.4390 0 0 -1.1781 2 0
18 39.2278 -266.7278 -669.6491 0 0 -1.1781 2 0
17 39.2278 -289.2696 -671.7853 0 0 -1.1781 2 0
20 39.2278 -285.1287 -661.8107 0 0 1.1781 2 0
18 39.0278 -307.7472 -664.1316 0 0 -1.1781 2 0
24 39.0278 -303.6829 -654.3417 0 0 -1.1781 2 0
17 40.4278 -326.2248 -656.4780 0 0 -1.1781 2 0
18 43.6278 -344.7024 -648.8243 0 0 -1.1781 2 0
24 43.6278 -340.6381 -639.0344 0 0 -1.1781 2 0
17 46.8278 -359.1157 -631.3807 0 0 -1.1781 2 0
18 47.8278 -381.6576 -633.5170 0 0 -1.1781 2 0
17 47.8278 -377.5933 -623.7271 0 0 -1.1781 2 0
17 48.0278 -396.0709 -616.0734 0 0 -1.1781 2 0
19 48.0278 -529.9763 -577.8308 0 0 3.5343 2 0
17 48.0278 -519.9951 -573.7058 0 0 -0.3927 2 0
17 48.0278 -541.2349 -564.1425 0 0 -0.7854 2 0
17 48.0278 -533.7336 -556.6531 0 0 -0.7854 2 0
17 48.0278 -555.3770 -550.0003 0 0 -0.7854 2 0
19 48.0278 -569.6607 -535.9995 0 0 3.9270 2 0
17 48.0278 -562.0179 -528.3688 0 0 -0.7854 2 0
17 48.0278 -583.6613 -521.7160 0 0 -0.7854 2 0
18 48.0278 -576.1600 -514.2267 0 0 -0.7854 2 0
17 48.0278 -597.8034 -507.5739 0 0 -0.7854 2 0
17 48.0278 -590.3021 -500.0846 0 0 -0.7854 2 0
18 48.0278 -611.9456 -493.4318 0 0 -0.7854 2 0
18 48.0278 -626.0877 -479.2896 0 0 -0.7854 2 0
17 48.0278 -618.5864 -471.8003 0 0 -0.7854 2 0
17 48.0278 -640.2299 -465.1475 0 0 -0.7854 2 0
18 48.0278 -632.7286 -457.6581 0 0 -0.7854 2 0
18 48.0278 -654.3720 -451.0054 0 0 -0.7854 2 0
17 48.0278 -646.8707 -443.5160 0 0 -0.7854 2 0
18 48.4278 -668.5141 -436.8632 0 0 -0.7854 2 0
17 48.4278 -661.0128 -429.3739 0 0 -0.7854 2 0
17 73.2415 -721.5192 -383.8582 0 0 -0.7854 2 0
17 73.2415 -714.0179 -376.3688 0 0 -0.7854 2 0
20 73.6415 -739.6607 -376.2213 0 0 2.3562 2 0
18 73.6415 -746.1722 -398.0063 0 0 -2.3562 2 0
17 73.6415 -767.8037 -404.6471 0 0 -2.3562 2 0
18 73.6415 -774.4565 -426.2905 0 0 -2.3562 2 0
24 73.6415 -781.9458 -418.7892 0 0 -2.3562 2 0
18 73.6415 -788.5986 -440.4327 0 0 -2.3562 2 0
18 66.5704 -874.2909 -522.8109 0 0 -1.9635 2 0
17 66.5704 -878.3395 -513.0146 0 0 -1.9635 2 0
17 66.5704 -897.8369 -522.8078 0 0 -1.1781 2 0
17 66.5704 -914.4842 -506.1561 0 0 -0.3927 2 0
18 66.5704 -904.6879 -502.1074 0 0 -0.3927 2 0
18 66.5704 -914.4811 -482.6101 0 0 0.3927 2 0
18 66.5704 -904.6912 -486.6743 0 0 0.3927 2 0
17 66.5704 -906.8274 -464.1325 0 0 0.3927 2 0
17 66.5704 -899.1738 -445.6549 0 0 0.3927 2 0
18 66.5704 -891.5201 -427.1773 0 0 0.3927 2 0
24 66.5704 -881.7302 -431.2415 0 0 0.3927 2 0
18 66.5704 -883.8664 -408.6997 0 0 0.3927 2 0
18 66.5704 -874.0765 -412.7639 0 0 0.3927 2 0
17 66.5704 -876.2128 -390.2221 0 0 0.3927 2 0
18 66.5704 -866.4229 -394.2863 0 0 0.3927 2 0
17 66.3704 -868.5591 -371.7445 0 0 0.3927 2 0
17 66.3704 -858.7692 -375.8088 0 0 0.3927 2 0
17 68.3704 -860.9054 -353.2669 0 0 0.3927 2 0
17 66.7704 -840.1861 -303.2461 0 0 0.3927 2 0
18 66.7704 -830.3962 -307.3103 0 0 0.3927 2 0
18 66.3704 -832.5324 -284.7685 0 0 0.3927 2 0
17 66.3704 -822.7425 -288.8327 0 0 0.3927 2 0
17 66.5704 -824.8788 -266.2909 0 0 0.3927 2 0
18 66.5704 -815.0889 -270.3551 0 0 0.3927 2 0
17 66.5704 -807.4352 -251.8775 0 0 0.3927 2 0
18 66.5704 -809.5714 -229.3357 0 0 0.3927 2 0
17 66.5704 -799.7815 -233.3999 0 0 0.3927 2 0
18 66.5704 -813.5993 -219.6272 0 0 -1.1781 2 0
17 66.5704 -828.5265 -223.4573 0 0 -1.9635 2 0
17 66.5704 -832.5751 -213.6609 0 0 -1.9635 2 0
17 66.5704 -851.0527 -221.3146 0 0 -1.9635 2 0
18 66.5704 -865.4817 -238.7646 0 0 -1.9635 2 0
18 66.5704 -869.5303 -228.9682 0 0 -1.9635 2 0
17 66.5704 -883.9593 -246.4183 0 0 -1.9635 2 0
17 66.5704 -888.0079 -236.6219 0 0 -1.9635 2 0
18 66.5704 -902.4369 -254.0719 0 0 -1.9635 2 0
19 66.5704 -906.5619 -244.0908 0 0 1.9635 2 0
18 66.5704 -920.9145 -261.7256 0 0 -1.9635 2 0
18 66.5704 -924.9631 -251.9293 0 0 -1.9635 2 0
17 66.5704 -1004.0636 -296.1671 0 0 -1.9635 2 0
24 66.5704 -1008.1123 -286.3708 0 0 -1.9635 2 0
17 66.5704 -1014.9743 -307.0822 0 0 -2.7489 2 0
18 66.5704 -1024.7642 -303.0180 0 0 -2.7489 2 0
18 66.5704 -1033.9744 -320.6658 0 0 -1.9635 2 0
18 66.5704 -1052.4520 -328.3194 0 0 -1.9635 2 0
18 66.5704 -1056.5006 -318.5231 0 0 -1.9635 2 0
18 66.3704 -1100.5593 -342.8342 0 0 -1.9635 2 0
18 66.3704 -1104.6080 -333.0379 0 0 -1.9635 2 0
17 67.9704 -1119.0369 -350.4879 0 0 -1.9635 2 0
17 67.9704 -1123.0856 -340.6915 0 0 -1.9635 2 0
17 70.1704 -1137.5145 -358.1416 0 0 -1.9635 2 0
18 70.1704 -1141.5632 -348.3452 0 0 -1.9635 2 0
18 73.3704 -1155.9921 -365.7952 0 0 -1.9635 2 0
17 73.3704 -1160.0408 -355.9989 0 0 -1.9635 2 0
17 74.1704 -1178.5184 -363.6525 0 0 -1.9635 2 0
17 73.5704 -1193.4456 -367.4826 0 0 -1.1781 2 0
18 73.7704 -1207.2633 -353.7099 0 0 0.3927 2 0
18 73.7704 -1190.6116 -337.0625 0 0 1.1781 2 0
17 73.7704 -1168.0853 -339.2052 0 0 1.1781 2 0
18 75.3704 -1109.3758 -298.0016 0 0 1.1781 2 0
18 75.3704 -1105.3272 -307.7980 0 0 1.1781 2 0
17 75.3704 -1090.8982 -290.3480 0 0 1.1781 2 0
18 75.3704 -1086.8496 -300.1443 0 0 1.1781 2 0
18 75.3704 -1072.4207 -282.6943 0 0 1.1781 2 0
18 75.3704 -1068.3720 -292.4907 0 0 1.1781 2 0
17 75.3704 -1053.9431 -275.0406 0 0 1.1781 2 0
17 75.3704 -1049.8944 -284.8370 0 0 1.1781 2 0
18 75.3704 -1031.4168 -277.1833 0 0 1.1781 2 0
