ambient 0.6
headlight 0.0
directional 1.1
lightdir -0.5 -1.0 -1.0
background 250 200 170
clfactors 1.1 0.95 0.9
objtypes 37
data/steer.geo data/steer.col data/noref.ref data/nocl.cld
data/speed.geo data/speed.col data/noref.ref data/nocl.cld
data/dmod.geo data/dmod.col data/noref.ref data/nocl.cld
data/roads.geo data/roadcity.col data/roads.ref data/road.cld
data/roadlw.geo data/roadcity.col data/roadlw.ref data/road.cld
data/roadln.geo data/roadcity.col data/roadln.ref data/road.cld
data/roadrw.geo data/roadcity.col data/roadrw.ref data/road.cld
data/roadrn.geo data/roadcity.col data/roadrn.ref data/road.cld
data/road25.geo data/roadcity.col data/road25.ref data/road.cld
data/road50.geo data/roadcity.col data/road50.ref data/road.cld
data/road75.geo data/roadcity.col data/road75.ref data/road.cld
data/tunnb.geo data/tunnbcity.col data/tunnb.ref data/tunnb.cld
data/tunn.geo data/tunncity.col data/tunn.ref data/tunn.cld
data/bridgec.geo data/bridgecity.col data/bridgstr.ref data/bridgec.cld
data/bridges.geo data/bridges.col data/bridges.ref data/bridges.cld
data/start.geo data/start.col data/start.ref data/nocl.cld
data/light.geo data/light.col data/tree.ref data/nocl.cld
data/tree4.geo data/tree4.col data/tree.ref data/nocl.cld
data/block1.geo data/block1.col data/block1.ref data/block.cld
data/block2.geo data/block2.col data/block2.ref data/block.cld
data/trs.geo data/trscity.col data/trs.ref data/trs.cld
data/wind.geo data/wind.col data/wind.ref data/wind.cld
data/prop.geo data/prop.col data/noref.ref data/nocl.cld
data/tree2.geo data/tree2.col data/tree.ref data/tree.cld
data/glider.geo data/glider.col data/noref.ref data/nocl.cld
data/bridgescl.geo data/bridges.col data/bridgec.ref data/bridgescl.cld
data/loop4r.geo data/loopblue.col data/loop4r.ref data/loop4r.cld
data/loop2r.geo data/loopgreen.col data/loop2r.ref data/loop2r.cld
data/loop1r.geo data/loopred.col data/loop1r.ref data/loop1r.cld
data/loop4l.geo data/loopblue.col data/loop4l.ref data/loop4l.cld
data/loop2l.geo data/loopgreen.col data/loop2l.ref data/loop2l.cld
data/loop1l.geo data/loopred.col data/loop1l.ref data/loop1l.cld
data/corkl.geo data/cork.col data/corkl.ref data/corkl.cld
data/corkr.geo data/cork.col data/corkr.ref data/corkr.cld
data/road11.geo data/roadcity.col data/road11.ref data/road.cld
data/road12.geo data/roadcity.col data/road12.ref data/road.cld
data/tower.geo data/tower.col data/noref.ref data/nocl.cld
objects 655
37 0 -677 394 0 0 0 2 0
37 25 -1774 -664 0 0 0 2 0
16 -1.20 0 20 0 0 0 2 0
21 -1.2000 0.0000 0.0000 0 0 3.1416 5 0
4 -1.2000 0.0000 0.0000 0 0 -0.0000 1 0
4 -1.2000 0.0000 10.0000 0 0 -0.0000 1 0
4 -1.2000 0.0000 20.0000 0 0 -0.0000 1 0
4 -1.2000 0.0000 30.0000 0 0 -0.0000 1 0
4 -1.2000 0.0000 40.0000 0 0 -0.0000 1 0
4 -1.2000 0.0000 50.0000 0 0 -0.0000 1 0
4 -1.2000 0.0000 60.0000 0 0 -0.0000 1 0
4 -1.2000 0.0000 70.0000 0 0 -0.0000 1 0
4 -1.2000 0.0000 80.0000 0 0 -0.0000 1 0
4 -1.2000 0.0000 90.0000 0 0 -0.0000 1 0
4 -1.2000 0.0000 100.0000 0 0 -0.0000 1 0
4 -1.2000 0.0000 110.0000 0 0 -0.0000 1 0
4 -1.2000 0.0000 120.0000 0 0 -0.0000 1 0
4 -1.2000 0.0000 130.0000 0 0 -0.0000 1 0
4 -1.2000 0.0000 140.0000 0 0 -0.0000 1 0
4 -1.2000 0.0000 150.0000 0 0 -0.0000 1 0
4 -1.2000 0.0000 160.0000 0 0 -0.0000 1 0
31 -1.2000 0.0000 170.0000 0 0 -0.0000 1 0
4 -1.2000 -5.0000 170.0000 0 0 -0.0000 1 0
4 -1.2000 -5.0000 180.0000 0 0 -0.0000 1 0
4 -1.2000 -5.0000 190.0000 0 0 -0.0000 1 0
4 -1.2000 -5.0000 200.0000 0 0 -0.0000 1 0
4 -1.2000 -5.0000 210.0000 0 0 -0.0000 1 0
28 -1.2000 -5.0000 220.0000 0 0 -0.0000 1 0
4 -1.2000 0.0000 220.0000 0 0 -0.0000 1 0
4 -1.2000 0.0000 230.0000 0 0 -0.0000 1 0
4 -1.2000 0.0000 240.0000 0 0 -0.0000 1 0
4 -1.2000 0.0000 250.0000 0 0 -0.0000 1 0
4 -1.2000 0.0000 260.0000 0 0 -0.0000 1 0
9 -1.2000 0.0000 270.0000 0 0 -0.0000 1 0
9 -0.4000 0.0000 280.0000 0 0 -0.0000 1 0
10 0.4000 0.0000 290.0000 0 0 -0.0000 1 0
10 2.0000 0.0000 300.0000 0 0 -0.0000 1 0
10 3.6000 0.0000 310.0000 0 0 -0.0000 1 0
10 5.2000 0.0000 320.0000 0 0 -0.0000 1 0
10 6.8000 0.0000 330.0000 0 0 -0.0000 1 0
10 8.4000 0.0000 340.0000 0 0 -0.0000 1 0
10 10.0000 0.0000 350.0000 0 0 -0.0000 1 0
10 11.6000 0.0000 360.0000 0 0 -0.0000 1 0
10 13.2000 0.0000 370.0000 0 0 -0.0000 1 0
10 14.8000 0.0000 380.0000 0 0 -0.0000 1 0
10 16.4000 0.0000 390.0000 0 0 -0.0000 1 0
10 18.0000 0.0000 400.0000 0 0 -0.0000 1 0
9 19.6000 0.0000 410.0000 0 0 -0.0000 1 0
4 20.4000 0.0000 420.0000 0 0 -0.0000 1 0
4 20.4000 0.0000 430.0000 0 0 -0.0000 1 0
4 20.4000 0.0000 440.0000 0 0 -0.0000 1 0
4 20.4000 0.0000 450.0000 0 0 -0.0000 1 0
4 20.4000 0.0000 460.0000 0 0 -0.0000 1 0
4 20.4000 0.0000 470.0000 0 0 -0.0000 1 0
4 20.4000 0.0000 480.0000 0 0 -0.0000 1 0
4 20.4000 0.0000 490.0000 0 0 -0.0000 1 0
4 20.4000 0.0000 500.0000 0 0 -0.0000 1 0
4 20.4000 0.0000 510.0000 0 0 -0.0000 1 0
4 20.4000 0.0000 520.0000 0 0 -0.0000 1 0
4 20.4000 0.0000 530.0000 0 0 -0.0000 1 0
4 20.4000 0.0000 540.0000 0 0 -0.0000 1 0
4 20.4000 0.0000 550.0000 0 0 -0.0000 1 0
6 20.4000 0.0000 560.0000 0 0 -0.0000 1 0
6 20.4000 -3.7292 569.0031 0 0 0.7854 1 0
4 20.4000 -12.7323 572.7323 0 0 1.5708 1 0
4 20.4000 -22.7323 572.7323 0 0 1.5708 1 0
4 20.4000 -32.7323 572.7323 0 0 1.5708 1 0
4 20.4000 -42.7323 572.7323 0 0 1.5708 1 0
9 19.6000 -62.7323 572.7323 0 0 4.7124 1 0
10 18.0000 -72.7323 572.7323 0 0 4.7124 1 0
11 15.6000 -82.7323 572.7323 0 0 4.7124 1 0
11 13.2000 -92.7323 572.7323 0 0 4.7124 1 0
11 10.8000 -102.7323 572.7323 0 0 4.7124 1 0
11 8.4000 -112.7323 572.7323 0 0 4.7124 1 0
11 6.0000 -122.7323 572.7323 0 0 4.7124 1 0
11 3.6000 -132.7323 572.7323 0 0 4.7124 1 0
11 1.2000 -142.7323 572.7323 0 0 4.7124 1 0
11 -1.2000 -152.7323 572.7323 0 0 4.7124 1 0
11 -3.6000 -162.7323 572.7323 0 0 4.7124 1 0
11 -6.0000 -172.7323 572.7323 0 0 4.7124 1 0
11 -8.4000 -182.7323 572.7323 0 0 4.7124 1 0
11 -10.8000 -192.7323 572.7323 0 0 4.7124 1 0
11 -13.2000 -202.7323 572.7323 0 0 4.7124 1 0
11 -15.6000 -212.7323 572.7323 0 0 4.7124 1 0
11 -18.0000 -222.7323 572.7323 0 0 4.7124 1 0
11 -20.4000 -232.7323 572.7323 0 0 4.7124 1 0
11 -22.8000 -242.7323 572.7323 0 0 4.7124 1 0
11 -25.2000 -252.7323 572.7323 0 0 4.7124 1 0
11 -27.6000 -262.7323 572.7323 0 0 4.7124 1 0
11 -30.0000 -272.7323 572.7323 0 0 4.7124 1 0
10 -31.6000 -282.7323 572.7323 0 0 4.7124 1 0
9 -32.4000 -292.7323 572.7323 0 0 4.7124 1 0
4 -32.4000 -292.7323 572.7323 0 0 1.5708 1 0
4 -32.4000 -302.7323 572.7323 0 0 1.5708 1 0
4 -32.4000 -312.7323 572.7323 0 0 1.5708 1 0
30 -32.4000 -322.7323 572.7323 0 0 1.5708 1 0
4 -32.4000 -322.7323 567.7323 0 0 1.5708 1 0
31 -32.4000 -332.7323 567.7323 0 0 1.5708 1 0
4 -32.4000 -332.7323 562.7323 0 0 1.5708 1 0
32 -32.4000 -342.7323 562.7323 0 0 1.5708 1 0
4 -32.4000 -342.7323 557.7323 0 0 1.5708 1 0
4 -32.4000 -352.7323 557.7323 0 0 1.5708 1 0
4 -32.4000 -362.7323 557.7323 0 0 1.5708 1 0
9 -32.4000 -372.7323 557.7323 0 0 1.5708 1 0
10 -31.6000 -382.7323 557.7323 0 0 1.5708 1 0
11 -30.0000 -392.7323 557.7323 0 0 1.5708 1 0
11 -27.6000 -402.7323 557.7323 0 0 1.5708 1 0
11 -25.2000 -412.7323 557.7323 0 0 1.5708 1 0
11 -22.8000 -422.7323 557.7323 0 0 1.5708 1 0
11 -20.4000 -432.7323 557.7323 0 0 1.5708 1 0
11 -18.0000 -442.7323 557.7323 0 0 1.5708 1 0
11 -15.6000 -452.7323 557.7323 0 0 1.5708 1 0
11 -13.2000 -462.7323 557.7323 0 0 1.5708 1 0
11 -10.8000 -472.7323 557.7323 0 0 1.5708 1 0
11 -8.4000 -482.7323 557.7323 0 0 1.5708 1 0
11 -6.0000 -492.7323 557.7323 0 0 1.5708 1 0
11 -3.6000 -502.7323 557.7323 0 0 1.5708 1 0
11 -1.2000 -512.7323 557.7323 0 0 1.5708 1 0
11 1.2000 -522.7323 557.7323 0 0 1.5708 1 0
11 3.6000 -532.7323 557.7323 0 0 1.5708 1 0
11 6.0000 -542.7323 557.7323 0 0 1.5708 1 0
11 8.4000 -552.7323 557.7323 0 0 1.5708 1 0
10 10.8000 -562.7323 557.7323 0 0 1.5708 1 0
9 12.4000 -572.7323 557.7323 0 0 1.5708 1 0
4 13.2000 -582.7323 557.7323 0 0 1.5708 1 0
4 13.2000 -592.7323 557.7323 0 0 1.5708 1 0
4 13.2000 -602.7323 557.7323 0 0 1.5708 1 0
5 13.2000 -612.7323 557.7323 0 0 1.5708 1 0
5 13.2000 -622.4771 555.7940 0 0 1.9635 1 0
5 13.2000 -630.7384 550.2740 0 0 2.3562 1 0
4 13.2000 -636.2584 542.0128 0 0 2.7489 1 0
4 13.2000 -640.0852 532.7740 0 0 2.7489 1 0
4 13.2000 -643.9121 523.5352 0 0 2.7489 1 0
4 13.2000 -647.7389 514.2964 0 0 2.7489 1 0
4 13.2000 -651.5657 505.0577 0 0 2.7489 1 0
4 13.2000 -655.3926 495.8189 0 0 2.7489 1 0
4 13.2000 -659.2194 486.5801 0 0 2.7489 1 0
4 13.2000 -663.0462 477.3413 0 0 2.7489 1 0
4 13.2000 -666.8731 468.1025 0 0 2.7489 1 0
4 13.2000 -670.6999 458.8637 0 0 2.7489 1 0
4 13.2000 -674.5267 449.6249 0 0 2.7489 1 0
4 13.2000 -678.3536 440.3861 0 0 2.7489 1 0
4 13.2000 -682.1804 431.1473 0 0 2.7489 1 0
4 13.2000 -686.0072 421.9085 0 0 2.7489 1 0
4 13.2000 -689.8341 412.6697 0 0 2.7489 1 0
4 13.2000 -693.6609 403.4309 0 0 2.7489 1 0
4 13.2000 -697.4877 394.1921 0 0 2.7489 1 0
4 13.2000 -701.3146 384.9533 0 0 2.7489 1 0
4 13.2000 -705.1414 375.7145 0 0 2.7489 1 0
4 13.2000 -708.9682 366.4757 0 0 2.7489 1 0
4 13.2000 -712.7951 357.2369 0 0 2.7489 1 0
4 13.2000 -716.6219 347.9981 0 0 2.7489 1 0
4 13.2000 -720.4487 338.7593 0 0 2.7489 1 0
4 13.2000 -724.2756 329.5205 0 0 2.7489 1 0
4 13.2000 -728.1024 320.2817 0 0 2.7489 1 0
4 13.2000 -731.9292 311.0429 0 0 2.7489 1 0
4 13.2000 -735.7560 301.8041 0 0 2.7489 1 0
4 13.2000 -739.5829 292.5653 0 0 2.7489 1 0
4 13.2000 -743.4097 283.3266 0 0 2.7489 1 0
4 13.2000 -747.2365 274.0878 0 0 2.7489 1 0
4 13.2000 -751.0634 264.8490 0 0 2.7489 1 0
4 13.2000 -754.8902 255.6102 0 0 2.7489 1 0
4 13.2000 -758.7170 246.3714 0 0 2.7489 1 0
4 13.2000 -762.5439 237.1326 0 0 2.7489 1 0
4 13.2000 -766.3707 227.8938 0 0 2.7489 1 0
4 13.2000 -770.1975 218.6550 0 0 2.7489 1 0
4 13.2000 -774.0244 209.4162 0 0 2.7489 1 0
4 13.2000 -777.8512 200.1774 0 0 2.7489 1 0
4 13.2000 -781.6780 190.9386 0 0 2.7489 1 0
4 13.2000 -785.5049 181.6998 0 0 2.7489 1 0
4 13.2000 -789.3317 172.4610 0 0 2.7489 1 0
4 13.2000 -793.1585 163.2222 0 0 2.7489 1 0
4 13.2000 -796.9854 153.9834 0 0 2.7489 1 0
4 13.2000 -800.8122 144.7446 0 0 2.7489 1 0
4 13.2000 -804.6390 135.5058 0 0 2.7489 1 0
4 13.2000 -808.4659 126.2670 0 0 2.7489 1 0
4 13.2000 -812.2927 117.0282 0 0 2.7489 1 0
4 13.2000 -816.1195 107.7894 0 0 2.7489 1 0
4 13.2000 -819.9464 98.5506 0 0 2.7489 1 0
4 13.2000 -823.7732 89.3118 0 0 2.7489 1 0
9 13.2000 -827.6000 80.0730 0 0 2.7489 1 0
9 14.0000 -831.4269 70.8342 0 0 2.7489 1 0
9 14.8000 -835.2537 61.5955 0 0 2.7489 1 0
9 15.6000 -839.0805 52.3567 0 0 2.7489 1 0
9 16.4000 -842.9074 43.1179 0 0 2.7489 1 0
9 17.2000 -846.7342 33.8791 0 0 2.7489 1 0
9 18.0000 -850.5610 24.6403 0 0 2.7489 1 0
9 18.8000 -854.3879 15.4015 0 0 2.7489 1 0
9 19.6000 -858.2147 6.1627 0 0 2.7489 1 0
9 20.4000 -862.0415 -3.0761 0 0 2.7489 1 0
4 21.2000 -865.8684 -12.3149 0 0 2.7489 1 0
4 21.2000 -869.6952 -21.5537 0 0 2.7489 1 0
7 21.2000 -873.5220 -30.7925 0 0 2.7489 1 0
7 21.2000 -879.0420 -39.0538 0 0 2.3562 1 0
7 21.2000 -887.3032 -44.5738 0 0 1.9635 1 0
4 21.2000 -897.0479 -46.5122 0 0 1.5708 1 0
4 21.2000 -907.0479 -46.5122 0 0 1.5708 1 0
4 21.2000 -917.0479 -46.5122 0 0 1.5708 1 0
4 21.2000 -927.0479 -46.5122 0 0 1.5708 1 0
4 21.2000 -937.0479 -46.5122 0 0 1.5708 1 0
4 21.2000 -947.0479 -46.5122 0 0 1.5708 1 0
4 21.2000 -957.0479 -46.5122 0 0 1.5708 1 0
4 21.2000 -967.0479 -46.5122 0 0 1.5708 1 0
4 21.2000 -977.0479 -46.5122 0 0 1.5708 1 0
4 21.2000 -987.0479 -46.5122 0 0 1.5708 1 0
4 21.2000 -997.0479 -46.5122 0 0 1.5708 1 0
4 21.2000 -1007.0479 -46.5122 0 0 1.5708 1 0
4 21.2000 -1017.0479 -46.5122 0 0 1.5708 1 0
4 21.2000 -1027.0479 -46.5122 0 0 1.5708 1 0
4 21.2000 -1037.0479 -46.5122 0 0 1.5708 1 0
4 21.2000 -1047.0479 -46.5122 0 0 1.5708 1 0
4 21.2000 -1057.0479 -46.5122 0 0 1.5708 1 0
4 21.2000 -1067.0479 -46.5122 0 0 1.5708 1 0
4 21.2000 -1077.0479 -46.5122 0 0 1.5708 1 0
4 21.2000 -1087.0479 -46.5122 0 0 1.5708 1 0
4 21.2000 -1097.0479 -46.5122 0 0 1.5708 1 0
4 21.2000 -1107.0479 -46.5122 0 0 1.5708 1 0
4 21.2000 -1117.0479 -46.5122 0 0 1.5708 1 0
4 21.2000 -1127.0479 -46.5122 0 0 1.5708 1 0
4 21.2000 -1137.0479 -46.5122 0 0 1.5708 1 0
4 21.2000 -1147.0479 -46.5122 0 0 1.5708 1 0
4 21.2000 -1157.0479 -46.5122 0 0 1.5708 1 0
4 21.2000 -1167.0479 -46.5122 0 0 1.5708 1 0
4 21.2000 -1177.0479 -46.5122 0 0 1.5708 1 0
4 21.2000 -1187.0479 -46.5122 0 0 1.5708 1 0
4 21.2000 -1197.0479 -46.5122 0 0 1.5708 1 0
4 21.2000 -1207.0479 -46.5122 0 0 1.5708 1 0
4 21.2000 -1217.0479 -46.5122 0 0 1.5708 1 0
4 21.2000 -1227.0479 -46.5122 0 0 1.5708 1 0
4 21.2000 -1237.0479 -46.5122 0 0 1.5708 1 0
4 21.2000 -1247.0479 -46.5122 0 0 1.5708 1 0
4 21.2000 -1257.0479 -46.5122 0 0 1.5708 1 0
4 21.2000 -1267.0479 -46.5122 0 0 1.5708 1 0
4 21.2000 -1277.0479 -46.5122 0 0 1.5708 1 0
4 21.2000 -1287.0479 -46.5122 0 0 1.5708 1 0
4 21.2000 -1297.0479 -46.5122 0 0 1.5708 1 0
4 21.2000 -1307.0479 -46.5123 0 0 1.5708 1 0
4 21.2000 -1317.0479 -46.5123 0 0 1.5708 1 0
4 21.2000 -1327.0479 -46.5123 0 0 1.5708 1 0
4 21.2000 -1337.0479 -46.5123 0 0 1.5708 1 0
4 21.2000 -1347.0479 -46.5123 0 0 1.5708 1 0
4 21.2000 -1357.0479 -46.5123 0 0 1.5708 1 0
4 21.2000 -1367.0479 -46.5123 0 0 1.5708 1 0
4 21.2000 -1377.0479 -46.5123 0 0 1.5708 1 0
4 21.2000 -1387.0479 -46.5123 0 0 1.5708 1 0
4 21.2000 -1397.0479 -46.5123 0 0 1.5708 1 0
4 21.2000 -1407.0479 -46.5123 0 0 1.5708 1 0
4 21.2000 -1417.0479 -46.5123 0 0 1.5708 1 0
4 21.2000 -1427.0479 -46.5123 0 0 1.5708 1 0
4 21.2000 -1437.0479 -46.5123 0 0 1.5708 1 0
4 21.2000 -1447.0479 -46.5123 0 0 1.5708 1 0
4 21.2000 -1457.0479 -46.5123 0 0 1.5708 1 0
4 21.2000 -1467.0479 -46.5123 0 0 1.5708 1 0
4 21.2000 -1477.0479 -46.5123 0 0 1.5708 1 0
4 21.2000 -1487.0479 -46.5123 0 0 1.5708 1 0
4 21.2000 -1497.0479 -46.5123 0 0 1.5708 1 0
4 21.2000 -1507.0479 -46.5123 0 0 1.5708 1 0
4 21.2000 -1517.0479 -46.5123 0 0 1.5708 1 0
4 21.2000 -1527.0479 -46.5123 0 0 1.5708 1 0
4 21.2000 -1537.0479 -46.5123 0 0 1.5708 1 0
4 21.2000 -1547.0479 -46.5123 0 0 1.5708 1 0
4 21.2000 -1557.0479 -46.5123 0 0 1.5708 1 0
4 21.2000 -1567.0479 -46.5123 0 0 1.5708 1 0
4 21.2000 -1577.0479 -46.5123 0 0 1.5708 1 0
4 21.2000 -1587.0479 -46.5123 0 0 1.5708 1 0
4 21.2000 -1597.0479 -46.5123 0 0 1.5708 1 0
4 21.2000 -1607.0479 -46.5123 0 0 1.5708 1 0
4 21.2000 -1617.0479 -46.5123 0 0 1.5708 1 0
4 21.2000 -1627.0479 -46.5123 0 0 1.5708 1 0
4 21.2000 -1637.0479 -46.5123 0 0 1.5708 1 0
5 21.2000 -1647.0479 -46.5123 0 0 1.5708 1 0
12 21.2000 -1656.7927 -48.4506 0 0 1.9635 1 0
13 21.2000 -1666.0315 -52.2774 0 0 1.9635 1 0
13 21.2000 -1675.2703 -56.1042 0 0 1.9635 1 0
13 21.2000 -1684.5091 -59.9311 0 0 1.9635 1 0
13 21.2000 -1693.7479 -63.7579 0 0 1.9635 1 0
13 21.2000 -1702.9867 -67.5848 0 0 1.9635 1 0
13 21.2000 -1712.2255 -71.4116 0 0 1.9635 1 0
13 21.2000 -1721.4643 -75.2384 0 0 1.9635 1 0
13 21.2000 -1730.7031 -79.0653 0 0 1.9635 1 0
13 21.2000 -1739.9419 -82.8921 0 0 1.9635 1 0
13 21.2000 -1749.1807 -86.7189 0 0 1.9635 1 0
13 21.2000 -1758.4195 -90.5458 0 0 1.9635 1 0
13 21.2000 -1767.6583 -94.3726 0 0 1.9635 1 0
13 21.2000 -1776.8971 -98.1994 0 0 1.9635 1 0
13 21.2000 -1786.1359 -102.0263 0 0 1.9635 1 0
13 21.2000 -1795.3747 -105.8531 0 0 1.9635 1 0
13 21.2000 -1804.6135 -109.6799 0 0 1.9635 1 0
13 21.2000 -1813.8523 -113.5068 0 0 1.9635 1 0
13 21.2000 -1823.0911 -117.3336 0 0 1.9635 1 0
13 21.2000 -1832.3299 -121.1604 0 0 1.9635 1 0
13 21.2000 -1841.5686 -124.9873 0 0 1.9635 1 0
13 21.2000 -1850.8074 -128.8141 0 0 1.9635 1 0
13 21.2000 -1860.0462 -132.6409 0 0 1.9635 1 0
13 21.2000 -1869.2850 -136.4678 0 0 1.9635 1 0
13 21.2000 -1878.5238 -140.2946 0 0 1.9635 1 0
13 21.2000 -1887.7626 -144.1215 0 0 1.9635 1 0
13 21.2000 -1897.0014 -147.9483 0 0 1.9635 1 0
13 21.2000 -1906.2402 -151.7751 0 0 1.9635 1 0
13 21.2000 -1915.4790 -155.6020 0 0 1.9635 1 0
13 21.2000 -1924.7178 -159.4288 0 0 1.9635 1 0
13 21.2000 -1933.9566 -163.2556 0 0 1.9635 1 0
13 21.2000 -1943.1954 -167.0825 0 0 1.9635 1 0
13 21.2000 -1952.4342 -170.9093 0 0 1.9635 1 0
13 21.2000 -1961.6730 -174.7361 0 0 1.9635 1 0
13 21.2000 -1970.9118 -178.5630 0 0 1.9635 1 0
13 21.2000 -1980.1506 -182.3898 0 0 1.9635 1 0
13 21.2000 -1989.3894 -186.2166 0 0 1.9635 1 0
13 21.2000 -1998.6282 -190.0435 0 0 1.9635 1 0
13 21.2000 -2007.8670 -193.8703 0 0 1.9635 1 0
13 21.2000 -2017.1057 -197.6971 0 0 1.9635 1 0
13 21.2000 -2026.3445 -201.5240 0 0 1.9635 1 0
13 21.2000 -2035.5833 -205.3508 0 0 1.9635 1 0
13 21.2000 -2044.8221 -209.1777 0 0 1.9635 1 0
13 21.2000 -2054.0609 -213.0045 0 0 1.9635 1 0
13 21.2000 -2063.2997 -216.8313 0 0 1.9635 1 0
13 21.2000 -2072.5385 -220.6582 0 0 1.9635 1 0
13 21.2000 -2081.7773 -224.4850 0 0 1.9635 1 0
13 21.2000 -2091.0161 -228.3118 0 0 1.9635 1 0
13 21.2000 -2100.2549 -232.1387 0 0 1.9635 1 0
13 21.2000 -2109.4937 -235.9655 0 0 1.9635 1 0
12 21.2000 -2127.9713 -243.6192 0 0 5.1051 1 0
4 21.2000 -2127.9713 -243.6192 0 0 1.9635 1 0
4 21.2000 -2137.2101 -247.4460 0 0 1.9635 1 0
27 21.2000 -2146.4489 -251.2728 0 0 1.9635 1 0
4 21.2000 -2148.3623 -246.6534 0 0 1.9635 1 0
28 21.2000 -2157.6011 -250.4803 0 0 1.9635 1 0
4 21.2000 -2159.5145 -245.8609 0 0 1.9635 1 0
29 21.2000 -2168.7533 -249.6877 0 0 1.9635 1 0
4 21.2000 -2170.6667 -245.0683 0 0 1.9635 1 0
4 21.2000 -2179.9055 -248.8952 0 0 1.9635 1 0
4 21.2000 -2189.1443 -252.7220 0 0 1.9635 1 0
4 21.2000 -2198.3831 -256.5488 0 0 1.9635 1 0
4 21.2000 -2207.6219 -260.3757 0 0 1.9635 1 0
5 21.2000 -2216.8607 -264.2025 0 0 1.9635 1 0
5 21.2000 -2225.1220 -269.7224 0 0 2.3562 1 0
5 21.2000 -2230.6420 -277.9836 0 0 2.7489 1 0
5 21.2000 -2232.5804 -287.7284 0 0 3.1416 1 0
5 21.2000 -2230.6421 -297.4732 0 0 3.5343 1 0
5 21.2000 -2225.1222 -305.7345 0 0 3.9270 1 0
5 21.2000 -2216.8610 -311.2545 0 0 4.3197 1 0
5 21.2000 -2207.1162 -313.1929 0 0 4.7124 1 0
5 21.2000 -2197.3714 -311.2546 0 0 5.1051 1 0
7 21.2000 -2189.1101 -305.7347 0 0 5.4978 1 0
7 21.2000 -2180.8489 -300.2146 0 0 5.1051 1 0
7 21.2000 -2171.1042 -298.2762 0 0 4.7124 1 0
7 21.2000 -2161.3594 -300.2145 0 0 4.3197 1 0
4 21.2000 -2153.0981 -305.7344 0 0 3.9270 1 0
4 21.2000 -2146.0270 -312.8055 0 0 3.9270 1 0
4 21.2000 -2138.9560 -319.8766 0 0 3.9270 1 0
4 21.2000 -2131.8849 -326.9476 0 0 3.9270 1 0
9 21.2000 -2124.8138 -334.0187 0 0 3.9270 1 0
9 22.0000 -2117.7427 -341.0898 0 0 3.9270 1 0
9 22.8000 -2110.6717 -348.1608 0 0 3.9270 1 0
9 23.6000 -2103.6006 -355.2319 0 0 3.9270 1 0
9 24.4000 -2096.5295 -362.3030 0 0 3.9270 1 0
9 25.2000 -2089.4585 -369.3740 0 0 3.9270 1 0
9 26.0000 -2082.3874 -376.4451 0 0 3.9270 1 0
9 26.8000 -2075.3163 -383.5162 0 0 3.9270 1 0
9 27.6000 -2068.2453 -390.5872 0 0 3.9270 1 0
9 28.4000 -2061.1742 -397.6583 0 0 3.9270 1 0
9 29.2000 -2054.1031 -404.7294 0 0 3.9270 1 0
9 30.0000 -2047.0321 -411.8004 0 0 3.9270 1 0
9 30.8000 -2039.9610 -418.8715 0 0 3.9270 1 0
9 31.6000 -2032.8899 -425.9426 0 0 3.9270 1 0
9 32.4000 -2025.8188 -433.0136 0 0 3.9270 1 0
9 33.2000 -2018.7478 -440.0847 0 0 3.9270 1 0
9 34.0000 -2011.6767 -447.1558 0 0 3.9270 1 0
9 34.8000 -2004.6056 -454.2268 0 0 3.9270 1 0
9 35.6000 -1997.5346 -461.2979 0 0 3.9270 1 0
9 36.4000 -1990.4635 -468.3690 0 0 3.9270 1 0
4 37.2000 -1983.3924 -475.4400 0 0 3.9270 1 0
4 37.2000 -1976.3214 -482.5111 0 0 3.9270 1 0
4 37.2000 -1969.2503 -489.5822 0 0 3.9270 1 0
4 37.2000 -1962.1792 -496.6532 0 0 3.9270 1 0
4 37.2000 -1955.1082 -503.7243 0 0 3.9270 1 0
4 37.2000 -1948.0371 -510.7954 0 0 3.9270 1 0
4 37.2000 -1940.9660 -517.8664 0 0 3.9270 1 0
4 37.2000 -1933.8950 -524.9375 0 0 3.9270 1 0
4 37.2000 -1926.8239 -532.0086 0 0 3.9270 1 0
4 37.2000 -1919.7528 -539.0796 0 0 3.9270 1 0
4 37.2000 -1912.6817 -546.1507 0 0 3.9270 1 0
4 37.2000 -1905.6107 -553.2218 0 0 3.9270 1 0
4 37.2000 -1898.5396 -560.2928 0 0 3.9270 1 0
4 37.2000 -1891.4685 -567.3639 0 0 3.9270 1 0
4 37.2000 -1884.3975 -574.4350 0 0 3.9270 1 0
4 37.2000 -1877.3264 -581.5060 0 0 3.9270 1 0
4 37.2000 -1870.2553 -588.5771 0 0 3.9270 1 0
4 37.2000 -1863.1843 -595.6482 0 0 3.9270 1 0
4 37.2000 -1856.1132 -602.7192 0 0 3.9270 1 0
4 37.2000 -1849.0421 -609.7903 0 0 3.9270 1 0
4 37.2000 -1841.9711 -616.8614 0 0 3.9270 1 0
4 37.2000 -1834.9000 -623.9324 0 0 3.9270 1 0
4 37.2000 -1827.8289 -631.0035 0 0 3.9270 1 0
4 37.2000 -1820.7578 -638.0746 0 0 3.9270 1 0
4 37.2000 -1813.6868 -645.1456 0 0 3.9270 1 0
4 37.2000 -1806.6157 -652.2167 0 0 3.9270 1 0
4 37.2000 -1799.5446 -659.2878 0 0 3.9270 1 0
4 37.2000 -1792.4736 -666.3588 0 0 3.9270 1 0
4 37.2000 -1785.4025 -673.4299 0 0 3.9270 1 0
4 37.2000 -1778.3314 -680.5010 0 0 3.9270 1 0
21 37.2000 -1771.2604 -687.5720 0 0 3.9270 5 0
16 37.2000 -1785.4025 -673.4299 0 0 3.9270 2 0
17 -1.2000 -5.2000 40.0041 0 0 0.0000 2 0
17 -1.2000 5.2000 39.9959 0 0 0.0000 2 0
19 -10.2000 -14.0000 60.0111 0 0 3.1416 2 0
17 -1.2000 -5.2000 80.0041 0 0 0.0000 2 0
17 -1.2000 -5.2000 100.0041 0 0 0.0000 2 0
18 -1.2000 5.2000 99.9959 0 0 0.0000 2 0
17 -1.2000 -5.2000 120.0041 0 0 0.0000 2 0
17 -1.2000 5.2000 119.9959 0 0 0.0000 2 0
17 -1.2000 -5.2000 140.0041 0 0 0.0000 2 0
17 -1.2000 5.2000 139.9959 0 0 0.0000 2 0
17 -1.2000 5.2000 259.9959 0 0 0.0000 2 0
17 -0.6000 -5.2000 280.0041 0 0 0.0000 2 0
17 -0.6000 5.2000 279.9959 0 0 0.0000 2 0
17 1.6000 5.2000 299.9959 0 0 0.0000 2 0
18 4.8000 -5.2000 320.0041 0 0 0.0000 2 0
18 4.8000 5.2000 319.9959 0 0 0.0000 2 0
17 8.0000 -5.2000 340.0041 0 0 0.0000 2 0
18 8.0000 5.2000 339.9959 0 0 0.0000 2 0
17 11.2000 -5.2000 360.0041 0 0 0.0000 2 0
17 11.2000 5.2000 359.9959 0 0 0.0000 2 0
17 14.4000 -5.2000 380.0041 0 0 0.0000 2 0
17 17.6000 -5.2000 400.0041 0 0 0.0000 2 0
17 17.6000 5.2000 399.9959 0 0 0.0000 2 0
17 20.0000 -5.2000 420.0041 0 0 0.0000 2 0
24 20.4000 -5.2000 440.0041 0 0 0.0000 2 0
20 11.4000 14.0000 439.9889 0 0 -0.0000 2 0
20 11.4000 -14.0000 460.0111 0 0 3.1416 2 0
24 20.4000 5.2000 459.9959 0 0 0.0000 2 0
17 20.4000 -5.2000 480.0041 0 0 0.0000 2 0
17 20.4000 5.2000 479.9959 0 0 0.0000 2 0
17 20.4000 -5.2000 500.0041 0 0 0.0000 2 0
18 20.4000 5.2000 499.9959 0 0 0.0000 2 0
17 20.4000 -5.2000 520.0041 0 0 0.0000 2 0
17 20.4000 5.2000 519.9959 0 0 0.0000 2 0
17 20.4000 -5.2000 540.0041 0 0 0.0000 2 0
19 11.4000 14.0000 539.9889 0 0 -0.0000 2 0
19 11.4000 -14.0000 560.0111 0 0 3.1416 2 0
17 20.4000 5.2000 559.9959 0 0 0.0000 2 0
18 20.4000 -12.7364 567.5323 0 0 -1.5708 2 0
17 20.4000 -12.7282 577.9323 0 0 -1.5708 2 0
17 20.4000 -32.7364 567.5323 0 0 -1.5708 2 0
18 20.4000 -32.7282 577.9323 0 0 -1.5708 2 0
17 17.4000 -72.7364 567.5323 0 0 -1.5708 2 0
17 17.4000 -72.7282 577.9323 0 0 -1.5708 2 0
17 12.6000 -92.7364 567.5323 0 0 -1.5708 2 0
24 7.8000 -112.7364 567.5323 0 0 -1.5708 2 0
17 7.8000 -112.7282 577.9323 0 0 -1.5708 2 0
24 3.0000 -132.7364 567.5323 0 0 -1.5708 2 0
18 -1.8000 -152.7364 567.5323 0 0 -1.5708 2 0
17 -1.8000 -152.7282 577.9323 0 0 -1.5708 2 0
18 -11.4000 -192.7364 567.5323 0 0 -1.5708 2 0
17 -11.4000 -192.7282 577.9323 0 0 -1.5708 2 0
18 -16.2000 -212.7364 567.5323 0 0 -1.5708 2 0
17 -21.0000 -232.7364 567.5323 0 0 -1.5708 2 0
17 -21.0000 -232.7282 577.9323 0 0 -1.5708 2 0
17 -25.8000 -252.7364 567.5323 0 0 -1.5708 2 0
17 -25.8000 -252.7282 577.9323 0 0 -1.5708 2 0
18 -30.6000 -272.7364 567.5323 0 0 -1.5708 2 0
17 -32.8000 -292.7364 567.5323 0 0 -1.5708 2 0
17 -32.0000 -382.7364 552.5323 0 0 -1.5708 2 0
24 -32.0000 -382.7282 562.9323 0 0 -1.5708 2 0
17 -28.2000 -402.7364 552.5323 0 0 -1.5708 2 0
18 -28.2000 -402.7282 562.9323 0 0 -1.5708 2 0
17 -23.4000 -422.7364 552.5323 0 0 -1.5708 2 0
17 -18.6000 -442.7364 552.5323 0 0 -1.5708 2 0
18 -18.6000 -442.7282 562.9323 0 0 -1.5708 2 0
18 -13.8000 -462.7364 552.5323 0 0 -1.5708 2 0
17 -13.8000 -462.7282 562.9323 0 0 -1.5708 2 0
18 -9.0000 -482.7364 552.5323 0 0 -1.5708 2 0
18 -9.0000 -482.7282 562.9323 0 0 -1.5708 2 0
17 -4.2000 -502.7364 552.5323 0 0 -1.5708 2 0
17 -4.2000 -502.7282 562.9323 0 0 -1.5708 2 0
17 0.6000 -522.7364 552.5323 0 0 -1.5708 2 0
17 0.6000 -522.7282 562.9323 0 0 -1.5708 2 0
18 5.4000 -542.7364 552.5323 0 0 -1.5708 2 0
18 10.2000 -562.7364 552.5323 0 0 -1.5708 2 0
18 10.2000 -562.7282 562.9323 0 0 -1.5708 2 0
17 12.8000 -582.7364 552.5323 0 0 -1.5708 2 0
24 12.8000 -582.7282 562.9323 0 0 -1.5708 2 0
17 13.2000 -602.7364 552.5323 0 0 -1.5708 2 0
20 4.2000 -602.7211 571.7323 0 0 1.5708 2 0
17 13.2000 -620.4910 550.9882 0 0 -1.9635 2 0
17 13.2000 -624.4632 560.5997 0 0 -1.9635 2 0
17 13.2000 -639.1095 521.5415 0 0 -2.7489 2 0
17 13.2000 -648.7146 525.5290 0 0 -2.7489 2 0
17 13.2000 -646.7631 503.0639 0 0 -2.7489 2 0
17 13.2000 -656.3683 507.0514 0 0 -2.7489 2 0
17 13.2000 -654.4168 484.5863 0 0 -2.7489 2 0
17 13.2000 -664.0220 488.5738 0 0 -2.7489 2 0
17 13.2000 -662.0705 466.1087 0 0 -2.7489 2 0
20 4.2000 -679.8031 473.4703 0 0 2.7489 2 0
18 13.2000 -669.7241 447.6311 0 0 -2.7489 2 0
24 13.2000 -679.3293 451.6187 0 0 -2.7489 2 0
17 13.2000 -677.3778 429.1535 0 0 -2.7489 2 0
17 13.2000 -685.0315 410.6759 0 0 -2.7489 2 0
24 13.2000 -694.6366 414.6635 0 0 -2.7489 2 0
17 13.2000 -702.2903 396.1859 0 0 -2.7489 2 0
18 13.2000 -700.3388 373.7207 0 0 -2.7489 2 0
17 13.2000 -709.9440 377.7083 0 0 -2.7489 2 0
17 13.2000 -717.5976 359.2307 0 0 -2.7489 2 0
19 4.2000 -707.5187 333.3915 0 0 5.8905 2 0
17 13.2000 -725.2513 340.7531 0 0 -2.7489 2 0
17 13.2000 -723.2998 318.2880 0 0 -2.7489 2 0
17 13.2000 -732.9050 322.2755 0 0 -2.7489 2 0
17 13.2000 -730.9535 299.8104 0 0 -2.7489 2 0
19 4.2000 -730.4797 277.9587 0 0 5.8905 2 0
17 13.2000 -748.2123 285.3203 0 0 -2.7489 2 0
17 13.2000 -746.2608 262.8552 0 0 -2.7489 2 0
18 13.2000 -755.8660 266.8427 0 0 -2.7489 2 0
17 13.2000 -753.9145 244.3776 0 0 -2.7489 2 0
17 13.2000 -763.5196 248.3651 0 0 -2.7489 2 0
17 13.2000 -761.5681 225.9000 0 0 -2.7489 2 0
17 13.2000 -769.2218 207.4224 0 0 -2.7489 2 0
17 13.2000 -778.8270 211.4100 0 0 -2.7489 2 0
17 13.2000 -776.8755 188.9448 0 0 -2.7489 2 0
18 13.2000 -786.4806 192.9324 0 0 -2.7489 2 0
18 13.2000 -784.5291 170.4672 0 0 -2.7489 2 0
17 13.2000 -794.1343 174.4548 0 0 -2.7489 2 0
18 13.2000 -792.1828 151.9896 0 0 -2.7489 2 0
17 13.2000 -801.7880 155.9772 0 0 -2.7489 2 0
17 13.2000 -799.8365 133.5120 0 0 -2.7489 2 0
17 13.2000 -809.4416 137.4996 0 0 -2.7489 2 0
20 4.2000 -825.2228 122.3961 0 0 2.7489 2 0
18 13.2000 -815.1438 96.5569 0 0 -2.7489 2 0
17 13.0000 -832.4026 82.0668 0 0 -2.7489 2 0
18 14.6000 -830.4511 59.6017 0 0 -2.7489 2 0
24 14.6000 -840.0563 63.5892 0 0 -2.7489 2 0
17 16.2000 -838.1048 41.1241 0 0 -2.7489 2 0
17 17.8000 -845.7585 22.6465 0 0 -2.7489 2 0
17 17.8000 -855.3636 26.6340 0 0 -2.7489 2 0
17 19.4000 -853.4121 4.1689 0 0 -2.7489 2 0
17 21.0000 -861.0658 -14.3087 0 0 -2.7489 2 0
18 21.0000 -870.6710 -10.3211 0 0 -2.7489 2 0
18 21.2000 -868.7195 -32.7863 0 0 -2.7489 2 0
18 21.2000 -878.3246 -28.7987 0 0 -2.7489 2 0
17 21.2000 -885.3170 -49.3796 0 0 -1.9635 2 0
17 21.2000 -907.0521 -51.7122 0 0 -1.5708 2 0
17 21.2000 -927.0521 -51.7122 0 0 -1.5708 2 0
24 21.2000 -927.0438 -41.3122 0 0 -1.5708 2 0
18 21.2000 -947.0521 -51.7122 0 0 -1.5708 2 0
17 21.2000 -947.0438 -41.3122 0 0 -1.5708 2 0
17 21.2000 -967.0521 -51.7122 0 0 -1.5708 2 0
18 21.2000 -967.0438 -41.3122 0 0 -1.5708 2 0
17 21.2000 -987.0521 -51.7122 0 0 -1.5708 2 0
19 12.2000 -987.0368 -32.5122 0 0 1.5708 2 0
17 21.2000 -1007.0521 -51.7122 0 0 -1.5708 2 0
19 12.2000 -1027.0591 -60.5122 0 0 4.7124 2 0
18 21.2000 -1027.0438 -41.3122 0 0 -1.5708 2 0
18 21.2000 -1047.0521 -51.7122 0 0 -1.5708 2 0
17 21.2000 -1047.0438 -41.3122 0 0 -1.5708 2 0
17 21.2000 -1067.0521 -51.7122 0 0 -1.5708 2 0
18 21.2000 -1067.0438 -41.3122 0 0 -1.5708 2 0
17 21.2000 -1087.0438 -41.3122 0 0 -1.5708 2 0
17 21.2000 -1107.0521 -51.7122 0 0 -1.5708 2 0
17 21.2000 -1107.0438 -41.3122 0 0 -1.5708 2 0
17 21.2000 -1127.0521 -51.7122 0 0 -1.5708 2 0
17 21.2000 -1147.0521 -51.7122 0 0 -1.5708 2 0
17 21.2000 -1147.0438 -41.3122 0 0 -1.5708 2 0
17 21.2000 -1167.0438 -41.3122 0 0 -1.5708 2 0
17 21.2000 -1187.0521 -51.7122 0 0 -1.5708 2 0
18 21.2000 -1187.0438 -41.3122 0 0 -1.5708 2 0
17 21.2000 -1207.0521 -51.7122 0 0 -1.5708 2 0
17 21.2000 -1207.0438 -41.3122 0 0 -1.5708 2 0
18 21.2000 -1227.0521 -51.7122 0 0 -1.5708 2 0
19 12.2000 -1227.0368 -32.5122 0 0 1.5708 2 0
18 21.2000 -1247.0521 -51.7122 0 0 -1.5708 2 0
18 21.2000 -1247.0438 -41.3122 0 0 -1.5708 2 0
17 21.2000 -1267.0521 -51.7122 0 0 -1.5708 2 0
24 21.2000 -1267.0438 -41.3122 0 0 -1.5708 2 0
17 21.2000 -1287.0521 -51.7122 0 0 -1.5708 2 0
17 21.2000 -1287.0438 -41.3123 0 0 -1.5708 2 0
17 21.2000 -1307.0521 -51.7122 0 0 -1.5708 2 0
18 21.2000 -1327.0521 -51.7123 0 0 -1.5708 2 0
17 21.2000 -1327.0438 -41.3123 0 0 -1.5708 2 0
18 21.2000 -1347.0521 -51.7123 0 0 -1.5708 2 0
20 12.2000 -1347.0368 -32.5123 0 0 1.5708 2 0
17 21.2000 -1367.0521 -51.7123 0 0 -1.5708 2 0
19 12.2000 -1367.0368 -32.5123 0 0 1.5708 2 0
17 21.2000 -1387.0521 -51.7123 0 0 -1.5708 2 0
20 12.2000 -1387.0368 -32.5123 0 0 1.5708 2 0
18 21.2000 -1407.0521 -51.7123 0 0 -1.5708 2 0
17 21.2000 -1407.0438 -41.3123 0 0 -1.5708 2 0
17 21.2000 -1427.0438 -41.3123 0 0 -1.5708 2 0
17 21.2000 -1447.0438 -41.3123 0 0 -1.5708 2 0
18 21.2000 -1467.0521 -51.7123 0 0 -1.5708 2 0
18 21.2000 -1487.0521 -51.7123 0 0 -1.5708 2 0
17 21.2000 -1507.0438 -41.3123 0 0 -1.5708 2 0
17 21.2000 -1527.0521 -51.7123 0 0 -1.5708 2 0
17 21.2000 -1527.0438 -41.3123 0 0 -1.5708 2 0
17 21.2000 -1547.0521 -51.7123 0 0 -1.5708 2 0
17 21.2000 -1547.0438 -41.3123 0 0 -1.5708 2 0
17 21.2000 -1567.0521 -51.7123 0 0 -1.5708 2 0
18 21.2000 -1567.0438 -41.3123 0 0 -1.5708 2 0
17 21.2000 -1587.0521 -51.7123 0 0 -1.5708 2 0
17 21.2000 -1587.0438 -41.3123 0 0 -1.5708 2 0
18 21.2000 -1607.0438 -41.3123 0 0 -1.5708 2 0
18 21.2000 -1627.0521 -51.7123 0 0 -1.5708 2 0
17 21.2000 -1627.0438 -41.3123 0 0 -1.5708 2 0
17 21.2000 -1647.0521 -51.7123 0 0 -1.5708 2 0
18 21.2000 -1647.0438 -41.3123 0 0 -1.5708 2 0
17 21.2000 -2196.3970 -261.3546 0 0 -1.9635 2 0
17 21.2000 -2200.3692 -251.7431 0 0 -1.9635 2 0
17 21.2000 -2214.8746 -269.0083 0 0 -1.9635 2 0
18 21.2000 -2218.8468 -259.3967 0 0 -1.9635 2 0
17 21.2000 -2235.4446 -275.9898 0 0 -2.7489 2 0
17 21.2000 -2225.8363 -295.4871 0 0 -3.5343 2 0
17 21.2000 -2218.8548 -316.0571 0 0 -4.3197 2 0
17 21.2000 -2199.3575 -306.4489 0 0 -5.1051 2 0
17 21.2000 -2182.8351 -295.4089 0 0 -5.1051 2 0
18 21.2000 -2163.3531 -305.0171 0 0 -4.3197 2 0
18 21.2000 -2142.3471 -309.1315 0 0 -3.9270 2 0
17 21.2000 -2149.7069 -316.4795 0 0 -3.9270 2 0
24 21.2000 -2128.2050 -323.2736 0 0 -3.9270 2 0
18 21.8000 -2114.0629 -337.4158 0 0 -3.9270 2 0
18 21.8000 -2121.4226 -344.7638 0 0 -3.9270 2 0
17 23.4000 -2099.9207 -351.5579 0 0 -3.9270 2 0
17 23.4000 -2107.2805 -358.9059 0 0 -3.9270 2 0
18 25.0000 -2085.7786 -365.7000 0 0 -3.9270 2 0
17 25.0000 -2093.1384 -373.0481 0 0 -3.9270 2 0
17 26.6000 -2071.6365 -379.8422 0 0 -3.9270 2 0
18 26.6000 -2078.9962 -387.1902 0 0 -3.9270 2 0
18 28.2000 -2064.8541 -401.3323 0 0 -3.9270 2 0
18 29.8000 -2043.3522 -408.1264 0 0 -3.9270 2 0
17 29.8000 -2050.7119 -415.4745 0 0 -3.9270 2 0
17 31.4000 -2029.2100 -422.2686 0 0 -3.9270 2 0
18 33.0000 -2015.0679 -436.4107 0 0 -3.9270 2 0
17 33.0000 -2022.4277 -443.7587 0 0 -3.9270 2 0
17 34.6000 -2000.9258 -450.5528 0 0 -3.9270 2 0
17 34.6000 -2008.2855 -457.9009 0 0 -3.9270 2 0
17 36.2000 -1986.7836 -464.6950 0 0 -3.9270 2 0
17 37.0000 -1972.6415 -478.8371 0 0 -3.9270 2 0
17 37.0000 -1980.0012 -486.1851 0 0 -3.9270 2 0
17 37.2000 -1965.8591 -500.3273 0 0 -3.9270 2 0
17 37.2000 -1944.3572 -507.1214 0 0 -3.9270 2 0
17 37.2000 -1951.7170 -514.4694 0 0 -3.9270 2 0
17 37.2000 -1930.2151 -521.2635 0 0 -3.9270 2 0
18 37.2000 -1937.5748 -528.6115 0 0 -3.9270 2 0
17 37.2000 -1916.0729 -535.4056 0 0 -3.9270 2 0
17 37.2000 -1923.4327 -542.7537 0 0 -3.9270 2 0
17 37.2000 -1901.9308 -549.5478 0 0 -3.9270 2 0
20 28.2000 -1915.5180 -563.1134 0 0 3.9270 2 0
17 37.2000 -1873.6465 -577.8320 0 0 -3.9270 2 0
17 37.2000 -1881.0063 -585.1801 0 0 -3.9270 2 0
18 37.2000 -1859.5044 -591.9741 0 0 -3.9270 2 0
18 37.2000 -1852.7220 -613.4643 0 0 -3.9270 2 0
20 28.2000 -1824.9926 -614.0408 0 0 7.0686 2 0
17 37.2000 -1838.5799 -627.6065 0 0 -3.9270 2 0
18 37.2000 -1817.0780 -634.4005 0 0 -3.9270 2 0
17 37.2000 -1824.4377 -641.7486 0 0 -3.9270 2 0
18 37.2000 -1810.2956 -655.8907 0 0 -3.9270 2 0
17 37.2000 -1788.7937 -662.6848 0 0 -3.9270 2 0
17 37.2000 -1796.1534 -670.0329 0 0 -3.9270 2 0
