ambient 0.5
headlight 0.2
directional 0.6
lightdir -1.0 1.0 -1.0
background 190 200 235
clfactors 1.0 1.0 1.0
objtypes 37
data/steer.geo data/steer.col data/noref.ref data/nocl.cld
data/speed.geo data/speed.col data/noref.ref data/nocl.cld
data/dmod.geo data/dmod.col data/noref.ref data/nocl.cld
data/roads.geo data/roads.col data/roads.ref data/road.cld
data/roadlw.geo data/road.col data/roadlw.ref data/road.cld
data/roadln.geo data/road.col data/roadln.ref data/road.cld
data/roadrw.geo data/road.col data/roadrw.ref data/road.cld
data/roadrn.geo data/road.col data/roadrn.ref data/road.cld
data/road25.geo data/road.col data/road25.ref data/road.cld
data/road50.geo data/road.col data/road50.ref data/road.cld
data/road75.geo data/road.col data/road75.ref data/road.cld
data/tunnb.geo data/tunnb.col data/tunnb.ref data/tunnb.cld
data/tunn.geo data/tunn.col data/tunn.ref data/tunn.cld
data/bridgec.geo data/bridgec.col data/bridgstr.ref data/bridgec.cld
data/bridges.geo data/bridges.col data/bridges.ref data/bridges.cld
data/start.geo data/start.col data/start.ref data/nocl.cld
data/tree1.geo data/tree1.col data/tree.ref data/tree.cld
data/tree2.geo data/tree2.col data/tree.ref data/tree.cld
data/house1.geo data/house1.col data/house1.ref data/house1.cld
data/house2.geo data/house2.col data/house2.ref data/house2.cld
data/trs.geo data/trs.col data/trs.ref data/trs.cld
data/wind.geo data/wind.col data/wind.ref data/wind.cld
data/prop.geo data/prop.col data/noref.ref data/nocl.cld
data/tree3.geo data/tree3.col data/tree.ref data/nocl.cld
data/glider.geo data/glider.col data/noref.ref data/nocl.cld
data/bridgescl.geo data/bridges.col data/bridgec.ref data/bridgescl.cld
data/loop4r.geo data/loopblue.col data/loop4r.ref data/loop4r.cld
data/loop2r.geo data/loopgreen.col data/loop2r.ref data/loop2r.cld
data/loop1r.geo data/loopred.col data/loop1r.ref data/loop1r.cld
data/loop4l.geo data/loopblue.col data/loop4l.ref data/loop4l.cld
data/loop2l.geo data/loopgreen.col data/loop2l.ref data/loop2l.cld
data/loop1l.geo data/loopred.col data/loop1l.ref data/loop1l.cld
data/corkl.geo data/cork.col data/corkl.ref data/corkl.cld
data/corkr.geo data/cork.col data/corkr.ref data/corkr.cld
data/road11.geo data/road.col data/road11.ref data/road.cld
data/road12.geo data/road.col data/road12.ref data/road.cld
data/hill1.geo data/hill1.col data/noref.ref data/hill1.cld
objects 483
37 -20 64 60 0 0 0 2 0
37 -20 -3 315 0 0 0 2 0
37 -20 -87 100 0 0 0 2 0
37 -20 115 -30 0 0 0 2 0
16 -1.20 0 20 0 0 0 2 0
21 -1.2000 0.0000 0.0000 0 0 3.1416 5 0
4 -1.2000 0.0000 0.0000 0 0 -0.0000 1 0
4 -1.2000 0.0000 10.0000 0 0 -0.0000 1 0
4 -1.2000 0.0000 20.0000 0 0 -0.0000 1 0
4 -1.2000 0.0000 30.0000 0 0 -0.0000 1 0
4 -1.2000 0.0000 40.0000 0 0 -0.0000 1 0
4 -1.2000 0.0000 50.0000 0 0 -0.0000 1 0
4 -1.2000 0.0000 60.0000 0 0 -0.0000 1 0
4 -1.2000 0.0000 70.0000 0 0 -0.0000 1 0
4 -1.2000 0.0000 80.0000 0 0 -0.0000 1 0
4 -1.2000 0.0000 90.0000 0 0 -0.0000 1 0
4 -1.2000 0.0000 100.0000 0 0 -0.0000 1 0
4 -1.2000 0.0000 110.0000 0 0 -0.0000 1 0
4 -1.2000 0.0000 120.0000 0 0 -0.0000 1 0
4 -1.2000 0.0000 130.0000 0 0 -0.0000 1 0
4 -1.2000 0.0000 140.0000 0 0 -0.0000 1 0
4 -1.2000 0.0000 150.0000 0 0 -0.0000 1 0
4 -1.2000 0.0000 160.0000 0 0 -0.0000 1 0
4 -1.2000 0.0000 170.0000 0 0 -0.0000 1 0
4 -1.2000 0.0000 180.0000 0 0 -0.0000 1 0
4 -1.2000 0.0000 190.0000 0 0 -0.0000 1 0
9 -1.2000 0.0000 200.0000 0 0 -0.0000 1 0
10 -0.4000 0.0000 210.0000 0 0 -0.0000 1 0
11 1.2000 0.0000 220.0000 0 0 -0.0000 1 0
10 3.6000 0.0000 230.0000 0 0 -0.0000 1 0
9 5.2000 0.0000 240.0000 0 0 -0.0000 1 0
6 6.0000 0.0000 250.0000 0 0 -0.0000 1 0
6 6.0000 -3.7292 259.0031 0 0 0.7854 1 0
6 6.0000 -12.7323 262.7323 0 0 1.5708 1 0
6 6.0000 -21.7354 259.0031 0 0 2.3562 1 0
9 6.0000 -25.4646 250.0000 0 0 3.1416 1 0
10 6.8000 -25.4646 240.0000 0 0 3.1416 1 0
11 8.4000 -25.4646 230.0000 0 0 3.1416 1 0
10 10.8000 -25.4646 220.0000 0 0 3.1416 1 0
9 12.4000 -25.4646 210.0000 0 0 3.1416 1 0
4 13.2000 -25.4646 200.0000 0 0 3.1416 1 0
4 13.2000 -25.4646 190.0000 0 0 3.1416 1 0
4 13.2000 -25.4646 180.0000 0 0 3.1416 1 0
4 13.2000 -25.4646 170.0000 0 0 3.1416 1 0
4 13.2000 -25.4646 160.0000 0 0 3.1416 1 0
4 13.2000 -25.4646 150.0000 0 0 3.1416 1 0
4 13.2000 -25.4646 140.0000 0 0 3.1416 1 0
4 13.2000 -25.4646 130.0000 0 0 3.1416 1 0
4 13.2000 -25.4646 120.0000 0 0 3.1416 1 0
4 13.2000 -25.4646 110.0000 0 0 3.1416 1 0
35 6.1289 -25.4646 92.9289 0 0 6.2832 1 0
35 -0.9422 -25.4646 85.8578 0 0 6.2832 1 0
35 -0.9422 -25.4646 85.8578 0 0 3.1416 1 0
4 6.1289 -25.4646 78.7867 0 0 3.1416 1 0
4 6.1289 -25.4646 68.7867 0 0 3.1416 1 0
4 6.1289 -25.4646 58.7867 0 0 3.1416 1 0
4 6.1289 -25.4646 48.7867 0 0 3.1416 1 0
4 6.1289 -25.4646 38.7867 0 0 3.1416 1 0
4 6.1289 -25.4646 28.7867 0 0 3.1416 1 0
4 6.1289 -25.4646 18.7867 0 0 3.1416 1 0
4 6.1289 -25.4646 8.7867 0 0 3.1416 1 0
4 6.1289 -25.4646 -1.2133 0 0 3.1416 1 0
4 6.1289 -25.4646 -11.2133 0 0 3.1416 1 0
5 6.1289 -25.4646 -21.2133 0 0 3.1416 1 0
5 6.1289 -23.5263 -30.9581 0 0 3.5343 1 0
5 6.1289 -18.0063 -39.2194 0 0 3.9270 1 0
5 6.1289 -9.7451 -44.7394 0 0 4.3197 1 0
5 6.1289 -0.0004 -46.6778 0 0 4.7124 1 0
5 6.1289 9.7444 -44.7395 0 0 5.1051 1 0
8 6.1289 18.0057 -39.2196 0 0 5.4978 1 0
8 6.1289 27.0088 -35.4903 0 0 4.7124 1 0
8 6.1289 36.0119 -39.2195 0 0 3.9270 1 0
8 6.1289 39.7411 -48.2226 0 0 3.1416 1 0
4 6.1289 36.0119 -57.2257 0 0 2.3562 1 0
4 6.1289 28.9409 -64.2968 0 0 2.3562 1 0
4 6.1289 21.8698 -71.3679 0 0 2.3562 1 0
4 6.1289 14.7987 -78.4389 0 0 2.3562 1 0
4 6.1289 7.7276 -85.5100 0 0 2.3562 1 0
4 6.1289 0.6566 -92.5811 0 0 2.3562 1 0
4 6.1289 -6.4145 -99.6522 0 0 2.3562 1 0
4 6.1289 -13.4856 -106.7232 0 0 2.3562 1 0
6 6.1289 -20.5566 -113.7943 0 0 2.3562 1 0
6 6.1289 -24.2858 -122.7974 0 0 3.1416 1 0
6 6.1289 -20.5566 -131.8005 0 0 3.9270 1 0
6 6.1289 -11.5535 -135.5297 0 0 4.7124 1 0
4 6.1289 -2.5504 -131.8005 0 0 5.4978 1 0
4 6.1289 4.5206 -124.7294 0 0 5.4978 1 0
4 6.1289 11.5917 -117.6584 0 0 5.4978 1 0
4 6.1289 18.6628 -110.5873 0 0 5.4978 1 0
4 6.1289 25.7338 -103.5162 0 0 5.4978 1 0
4 6.1289 32.8049 -96.4451 0 0 5.4978 1 0
4 6.1289 39.8760 -89.3741 0 0 5.4978 1 0
4 6.1289 46.9470 -82.3030 0 0 5.4978 1 0
8 6.1289 54.0181 -75.2319 0 0 5.4978 1 0
8 6.1289 63.0212 -71.5027 0 0 4.7124 1 0
8 6.1289 72.0243 -75.2319 0 0 3.9270 1 0
8 6.1289 75.7535 -84.2350 0 0 3.1416 1 0
4 6.1289 72.0243 -93.2381 0 0 2.3562 1 0
4 6.1289 64.9532 -100.3092 0 0 2.3562 1 0
4 6.1289 57.8822 -107.3803 0 0 2.3562 1 0
4 6.1289 50.8111 -114.4513 0 0 2.3562 1 0
4 6.1289 43.7400 -121.5224 0 0 2.3562 1 0
4 6.1289 36.6690 -128.5935 0 0 2.3562 1 0
4 6.1289 29.5979 -135.6645 0 0 2.3562 1 0
4 6.1289 22.5268 -142.7356 0 0 2.3562 1 0
6 6.1289 15.4558 -149.8067 0 0 2.3562 1 0
6 6.1289 11.7266 -158.8098 0 0 3.1416 1 0
6 6.1289 15.4558 -167.8129 0 0 3.9270 1 0
6 6.1289 24.4589 -171.5421 0 0 4.7124 1 0
4 6.1289 33.4620 -167.8129 0 0 5.4978 1 0
4 6.1289 40.5330 -160.7418 0 0 5.4978 1 0
4 6.1289 47.6041 -153.6707 0 0 5.4978 1 0
4 6.1289 54.6752 -146.5997 0 0 5.4978 1 0
4 6.1289 61.7462 -139.5286 0 0 5.4978 1 0
4 6.1289 68.8173 -132.4575 0 0 5.4978 1 0
4 6.1289 75.8884 -125.3865 0 0 5.4978 1 0
4 6.1289 82.9594 -118.3154 0 0 5.4978 1 0
4 6.1289 90.0305 -111.2443 0 0 5.4978 1 0
4 6.1289 97.1016 -104.1732 0 0 5.4978 1 0
4 6.1289 104.1726 -97.1022 0 0 5.4978 1 0
4 6.1289 111.2437 -90.0311 0 0 5.4978 1 0
9 6.1289 118.3147 -82.9600 0 0 5.4978 1 0
10 6.9289 125.3858 -75.8890 0 0 5.4978 1 0
11 8.5289 132.4569 -68.8179 0 0 5.4978 1 0
36 10.9289 139.5279 -61.7468 0 0 5.4978 1 0
35 15.4002 145.8528 -55.4220 0 0 5.4978 1 0
4 22.4713 150.8528 -50.4219 0 0 5.4978 1 0
4 22.4713 157.9239 -43.3509 0 0 5.4978 1 0
4 22.4713 164.9950 -36.2798 0 0 5.4978 1 0
4 22.4713 172.0660 -29.2087 0 0 5.4978 1 0
4 22.4713 179.1371 -22.1377 0 0 5.4978 1 0
4 22.4713 186.2082 -15.0666 0 0 5.4978 1 0
4 22.4713 193.2792 -7.9955 0 0 5.4978 1 0
4 22.4713 200.3503 -0.9245 0 0 5.4978 1 0
4 22.4713 207.4214 6.1466 0 0 5.4978 1 0
4 22.4713 214.4924 13.2177 0 0 5.4978 1 0
4 22.4713 221.5635 20.2888 0 0 5.4978 1 0
4 22.4713 228.6346 27.3598 0 0 5.4978 1 0
4 22.4713 235.7056 34.4309 0 0 5.4978 1 0
4 22.4713 242.7767 41.5020 0 0 5.4978 1 0
4 22.4713 249.8477 48.5730 0 0 5.4978 1 0
9 21.6713 263.9899 62.7152 0 0 8.6394 1 0
10 20.0713 271.0609 69.7862 0 0 8.6394 1 0
11 17.6713 278.1320 76.8573 0 0 8.6394 1 0
36 13.2000 284.4569 83.1822 0 0 8.6394 1 0
35 6.1289 289.4569 88.1822 0 0 8.6394 1 0
35 -0.9422 294.4569 93.1822 0 0 8.6394 1 0
35 -8.0133 299.4569 98.1822 0 0 8.6394 1 0
35 -15.0844 304.4570 103.1823 0 0 8.6394 1 0
35 -22.1555 309.4570 108.1823 0 0 8.6394 1 0
35 -29.2266 314.4570 113.1823 0 0 8.6394 1 0
35 -36.2977 319.4570 118.1823 0 0 8.6394 1 0
35 -43.3688 324.4570 123.1824 0 0 8.6394 1 0
35 -50.4399 329.4571 128.1824 0 0 8.6394 1 0
35 -57.5110 334.4571 133.1824 0 0 8.6394 1 0
36 -61.9823 340.7819 139.5073 0 0 8.6394 1 0
11 -64.3823 347.8530 146.5783 0 0 8.6394 1 0
10 -65.9823 354.9241 153.6494 0 0 8.6394 1 0
9 -66.7823 361.9951 160.7205 0 0 8.6394 1 0
4 -66.7823 361.9951 160.7205 0 0 5.4978 1 0
4 -66.7823 369.0662 167.7916 0 0 5.4978 1 0
4 -66.7823 376.1373 174.8626 0 0 5.4978 1 0
4 -66.7823 383.2083 181.9337 0 0 5.4978 1 0
4 -66.7823 390.2794 189.0048 0 0 5.4978 1 0
4 -66.7823 397.3505 196.0758 0 0 5.4978 1 0
4 -66.7823 404.4215 203.1469 0 0 5.4978 1 0
4 -66.7823 411.4926 210.2180 0 0 5.4978 1 0
4 -66.7823 418.5637 217.2890 0 0 5.4978 1 0
4 -66.7823 425.6347 224.3601 0 0 5.4978 1 0
4 -66.7823 432.7058 231.4312 0 0 5.4978 1 0
4 -66.7823 439.7769 238.5022 0 0 5.4978 1 0
4 -66.7823 446.8479 245.5733 0 0 5.4978 1 0
4 -66.7823 453.9190 252.6444 0 0 5.4978 1 0
4 -66.7823 460.9901 259.7155 0 0 5.4978 1 0
34 -66.7823 468.0611 266.7865 0 0 5.6231 1 0
4 -66.7823 468.0611 266.7865 0 0 5.4978 1 0
4 -66.7823 475.1322 273.8576 0 0 5.4978 1 0
7 -66.7823 482.2033 280.9287 0 0 5.4978 1 0
4 -66.7823 490.4645 286.4487 0 0 5.1051 1 0
4 -66.7823 499.7033 290.2755 0 0 5.1051 1 0
4 -66.7823 508.9420 294.1024 0 0 5.1051 1 0
4 -66.7823 518.1808 297.9292 0 0 5.1051 1 0
4 -66.7823 527.4196 301.7560 0 0 5.1051 1 0
4 -66.7823 536.6584 305.5829 0 0 5.1051 1 0
4 -66.7823 545.8972 309.4097 0 0 5.1051 1 0
4 -66.7823 555.1360 313.2366 0 0 5.1051 1 0
4 -66.7823 564.3748 317.0634 0 0 5.1051 1 0
4 -66.7823 573.6136 320.8902 0 0 5.1051 1 0
4 -66.7823 582.8524 324.7171 0 0 5.1051 1 0
4 -66.7823 592.0912 328.5439 0 0 5.1051 1 0
4 -66.7823 601.3300 332.3707 0 0 5.1051 1 0
4 -66.7823 610.5688 336.1976 0 0 5.1051 1 0
4 -66.7823 619.8076 340.0244 0 0 5.1051 1 0
4 -66.7823 629.0464 343.8512 0 0 5.1051 1 0
4 -66.7823 638.2852 347.6781 0 0 5.1051 1 0
4 -66.7823 647.5240 351.5049 0 0 5.1051 1 0
4 -66.7823 656.7628 355.3318 0 0 5.1051 1 0
4 -66.7823 666.0016 359.1586 0 0 5.1051 1 0
4 -66.7823 675.2403 362.9854 0 0 5.1051 1 0
4 -66.7823 684.4791 366.8123 0 0 5.1051 1 0
4 -66.7823 693.7179 370.6391 0 0 5.1051 1 0
4 -66.7823 702.9567 374.4659 0 0 5.1051 1 0
4 -66.7823 712.1955 378.2928 0 0 5.1051 1 0
5 -66.7823 721.4343 382.1196 0 0 5.1051 1 0
5 -66.7823 729.6956 387.6395 0 0 5.4978 1 0
5 -66.7823 735.2156 395.9007 0 0 5.8905 1 0
5 -66.7823 737.1540 405.6455 0 0 6.2832 1 0
5 -66.7823 735.2157 415.3903 0 0 6.6759 1 0
5 -66.7823 729.6958 423.6516 0 0 7.0686 1 0
5 -66.7823 721.4346 429.1716 0 0 7.4613 1 0
7 -66.7823 711.6898 431.1100 0 0 7.8540 1 0
7 -66.7823 701.9450 433.0483 0 0 7.4613 1 0
7 -66.7823 693.6837 438.5682 0 0 7.0686 1 0
7 -66.7823 688.1637 446.8294 0 0 6.6759 1 0
7 -66.7823 686.2253 456.5742 0 0 6.2832 1 0
7 -66.7823 688.1636 466.3190 0 0 5.8905 1 0
7 -66.7823 693.6835 474.5803 0 0 5.4978 1 0
4 -66.7823 701.9447 480.1003 0 0 5.1051 1 0
4 -66.7823 711.1835 483.9272 0 0 5.1051 1 0
4 -66.7823 720.4223 487.7540 0 0 5.1051 1 0
4 -66.7823 729.6611 491.5808 0 0 5.1051 1 0
4 -66.7823 738.8999 495.4077 0 0 5.1051 1 0
4 -66.7823 748.1387 499.2345 0 0 5.1051 1 0
4 -66.7823 757.3775 503.0613 0 0 5.1051 1 0
33 -66.7823 766.6163 506.8882 0 0 4.9798 1 0
4 -66.7823 766.6163 506.8882 0 0 5.1051 1 0
4 -66.7823 775.8551 510.7150 0 0 5.1051 1 0
5 -66.7823 785.0939 514.5418 0 0 5.1051 1 0
4 -66.7823 793.3551 520.0618 0 0 5.4978 1 0
4 -66.7823 800.4262 527.1328 0 0 5.4978 1 0
4 -66.7823 807.4973 534.2039 0 0 5.4978 1 0
4 -66.7823 814.5683 541.2750 0 0 5.4978 1 0
4 -66.7823 821.6394 548.3461 0 0 5.4978 1 0
4 -66.7823 828.7105 555.4171 0 0 5.4978 1 0
4 -66.7823 835.7815 562.4882 0 0 5.4978 1 0
4 -66.7823 842.8526 569.5593 0 0 5.4978 1 0
9 -67.5823 856.9947 583.7014 0 0 8.6394 1 0
10 -69.1823 864.0658 590.7725 0 0 8.6394 1 0
10 -70.7823 871.1369 597.8435 0 0 8.6394 1 0
10 -72.3823 878.2079 604.9146 0 0 8.6394 1 0
10 -73.9823 885.2790 611.9857 0 0 8.6394 1 0
10 -75.5823 892.3501 619.0568 0 0 8.6394 1 0
10 -77.1823 899.4211 626.1278 0 0 8.6394 1 0
10 -78.7823 906.4922 633.1989 0 0 8.6394 1 0
9 -79.5823 913.5632 640.2700 0 0 8.6394 1 0
4 -79.5823 913.5632 640.2700 0 0 5.4978 1 0
4 -79.5823 920.6343 647.3410 0 0 5.4978 1 0
5 -79.5823 927.7054 654.4121 0 0 5.4978 1 0
5 -79.5823 933.2254 662.6733 0 0 5.8905 1 0
5 -79.5823 935.1638 672.4181 0 0 6.2832 1 0
5 -79.5823 933.2255 682.1629 0 0 6.6759 1 0
5 -79.5823 927.7056 690.4241 0 0 7.0686 1 0
5 -79.5823 919.4444 695.9442 0 0 7.4613 1 0
5 -79.5823 909.6996 697.8826 0 0 7.8540 1 0
4 -79.5823 899.9548 695.9443 0 0 8.2467 1 0
4 -79.5823 890.7160 692.1174 0 0 8.2467 1 0
4 -79.5823 881.4772 688.2906 0 0 8.2467 1 0
4 -79.5823 872.2384 684.4638 0 0 8.2467 1 0
4 -79.5823 862.9996 680.6369 0 0 8.2467 1 0
4 -79.5823 853.7608 676.8101 0 0 8.2467 1 0
4 -79.5823 844.5220 672.9833 0 0 8.2467 1 0
4 -79.5823 835.2833 669.1564 0 0 8.2467 1 0
4 -79.5823 826.0445 665.3296 0 0 8.2467 1 0
4 -79.5823 816.8057 661.5027 0 0 8.2467 1 0
4 -79.5823 807.5669 657.6759 0 0 8.2467 1 0
4 -79.5823 798.3281 653.8491 0 0 8.2467 1 0
4 -79.5823 789.0893 650.0222 0 0 8.2467 1 0
4 -79.5823 779.8505 646.1954 0 0 8.2467 1 0
4 -79.5823 770.6117 642.3685 0 0 8.2467 1 0
9 -79.5823 761.3729 638.5417 0 0 8.2467 1 0
10 -78.7823 752.1341 634.7149 0 0 8.2467 1 0
11 -77.1823 742.8953 630.8880 0 0 8.2467 1 0
36 -74.7823 733.6565 627.0612 0 0 8.2467 1 0
35 -70.3110 725.3927 623.6382 0 0 8.2467 1 0
4 -63.2399 718.8599 620.9322 0 0 8.2467 1 0
4 -63.2399 709.6211 617.1054 0 0 8.2467 1 0
35 -63.2399 700.3823 613.2785 0 0 8.2467 1 0
36 -56.1688 693.8494 610.5725 0 0 8.2467 1 0
4 -51.6975 685.5856 607.1495 0 0 8.2467 1 0
4 -51.6975 676.3468 603.3227 0 0 8.2467 1 0
4 -51.6975 667.1080 599.4959 0 0 8.2467 1 0
4 -51.6975 657.8692 595.6690 0 0 8.2467 1 0
4 -51.6975 648.6304 591.8422 0 0 8.2467 1 0
7 -51.6975 639.3916 588.0154 0 0 8.2467 1 0
4 -51.6975 629.6469 586.0769 0 0 7.8540 1 0
4 -51.6975 619.6469 586.0769 0 0 7.8540 1 0
4 -51.6975 609.6469 586.0769 0 0 7.8540 1 0
4 -51.6975 599.6469 586.0769 0 0 7.8540 1 0
21 -51.6975 589.6469 586.0769 0 0 7.8540 5 0
16 -51.6975 609.6469 586.0769 0 0 7.8540 2 0
17 -1.2000 -5.3000 40.0042 0 0 0.0000 2 0
18 -1.2000 5.3000 39.9958 0 0 0.0000 2 0
17 -1.2000 -5.3000 60.0042 0 0 0.0000 2 0
19 -1.2000 5.5000 59.9956 0 0 -0.0000 2 0
17 -1.2000 -5.3000 80.0042 0 0 0.0000 2 0
19 -1.2000 5.5000 79.9956 0 0 -0.0000 2 0
18 -1.2000 -5.3000 100.0042 0 0 0.0000 2 0
18 -1.2000 5.3000 99.9958 0 0 0.0000 2 0
17 -1.2000 -5.3000 120.0042 0 0 0.0000 2 0
17 -1.2000 5.3000 119.9958 0 0 0.0000 2 0
18 -1.2000 -5.3000 140.0042 0 0 0.0000 2 0
17 -1.2000 5.3000 139.9958 0 0 0.0000 2 0
20 -1.2000 -5.5000 160.0044 0 0 3.1416 2 0
17 -1.2000 5.3000 159.9958 0 0 0.0000 2 0
17 -1.2000 -5.3000 180.0042 0 0 0.0000 2 0
18 -1.4000 -5.3000 200.0042 0 0 0.0000 2 0
18 -1.4000 5.3000 199.9958 0 0 0.0000 2 0
18 0.6000 -5.3000 220.0042 0 0 0.0000 2 0
18 0.6000 5.3000 219.9958 0 0 0.0000 2 0
17 4.6000 -5.3000 240.0042 0 0 0.0000 2 0
17 5.8000 -7.4798 255.2584 0 0 -0.7854 2 0
17 5.8000 0.0214 262.7478 0 0 -0.7854 2 0
18 6.0000 -17.9907 255.2525 0 0 -2.3562 2 0
20 6.0000 -25.6214 262.8953 0 0 2.3562 2 0
18 6.4000 -20.1646 239.9958 0 0 -3.1416 2 0
17 6.4000 -30.7646 240.0042 0 0 -3.1416 2 0
17 10.2000 -20.1646 219.9958 0 0 -3.1416 2 0
17 10.2000 -30.7646 220.0042 0 0 -3.1416 2 0
24 12.8000 -20.1646 199.9958 0 0 -3.1416 2 0
18 13.2000 -20.1646 179.9958 0 0 -3.1416 2 0
24 13.2000 -30.7646 180.0042 0 0 -3.1416 2 0
17 13.2000 -20.1646 159.9958 0 0 -3.1416 2 0
17 13.2000 -30.7646 160.0042 0 0 -3.1416 2 0
17 13.2000 -20.1646 139.9958 0 0 -3.1416 2 0
17 13.2000 -20.1646 119.9958 0 0 -3.1416 2 0
18 13.2000 -30.7646 120.0042 0 0 -3.1416 2 0
17 6.1289 -20.1646 48.7825 0 0 -3.1416 2 0
17 6.1289 -30.7646 48.7909 0 0 -3.1416 2 0
17 6.1289 -20.1646 28.7825 0 0 -3.1416 2 0
18 6.1289 -20.1646 8.7825 0 0 -3.1416 2 0
17 6.1289 -30.7646 8.7909 0 0 -3.1416 2 0
18 6.1289 -20.1646 -11.2175 0 0 -3.1416 2 0
18 6.1289 -30.7646 -11.2091 0 0 -3.1416 2 0
19 6.1289 -18.4433 -28.8574 0 0 6.6759 2 0
20 6.1289 -28.6093 -33.0588 0 0 3.5343 2 0
17 6.1289 -7.7130 -39.8444 0 0 -4.3197 2 0
18 6.1289 -11.7773 -49.6343 0 0 -4.3197 2 0
20 6.1289 11.8452 -49.8225 0 0 5.1051 2 0
24 6.1289 27.0130 -30.1904 0 0 -4.7124 2 0
17 6.1289 27.0046 -40.7903 0 0 -4.7124 2 0
24 6.1289 45.0411 -48.2269 0 0 -3.1416 2 0
20 6.1289 34.2411 -48.2183 0 0 3.1416 2 0
18 6.1289 32.6855 -68.0475 0 0 -2.3562 2 0
17 6.1289 25.1962 -60.5462 0 0 -2.3562 2 0
19 6.1289 18.6847 -82.3311 0 0 5.4978 2 0
19 6.1289 10.9127 -74.5468 0 0 2.3562 2 0
18 6.1289 4.4013 -96.3317 0 0 -2.3562 2 0
17 6.1289 -3.0881 -88.8304 0 0 -2.3562 2 0
18 6.1289 -9.7409 -110.4739 0 0 -2.3562 2 0
19 6.1289 -17.3715 -102.8310 0 0 2.3562 2 0
18 6.1289 -18.9858 -122.8016 0 0 -3.1416 2 0
17 6.1289 -29.5858 -122.7932 0 0 -3.1416 2 0
17 6.1289 -11.5493 -130.2297 0 0 -4.7124 2 0
18 6.1289 0.7760 -120.9788 0 0 -5.4978 2 0
19 6.1289 8.4066 -128.6216 0 0 5.4978 2 0
18 6.1289 14.9181 -106.8366 0 0 -5.4978 2 0
19 6.1289 22.5488 -114.4795 0 0 5.4978 2 0
18 6.1289 29.0602 -92.6945 0 0 -5.4978 2 0
24 6.1289 36.5496 -100.1958 0 0 -5.4978 2 0
18 6.1289 43.2023 -78.5524 0 0 -5.4978 2 0
17 6.1289 63.0254 -66.2027 0 0 -4.7124 2 0
18 6.1289 70.4535 -84.2308 0 0 -3.1416 2 0
18 6.1289 68.6979 -104.0598 0 0 -2.3562 2 0
18 6.1289 54.5558 -118.2020 0 0 -2.3562 2 0
18 6.1289 47.0664 -110.7007 0 0 -2.3562 2 0
17 6.1289 32.9243 -124.8428 0 0 -2.3562 2 0
18 6.1289 26.2715 -146.4862 0 0 -2.3562 2 0
17 6.1289 18.7822 -138.9849 0 0 -2.3562 2 0
18 6.1289 17.0266 -158.8140 0 0 -3.1416 2 0
20 6.1289 6.2266 -158.8054 0 0 3.1416 2 0
18 6.1289 24.4631 -166.2421 0 0 -4.7124 2 0
24 6.1289 44.2777 -164.4924 0 0 -5.4978 2 0
18 6.1289 50.9305 -142.8490 0 0 -5.4978 2 0
18 6.1289 58.4198 -150.3503 0 0 -5.4978 2 0
18 6.1289 65.0726 -128.7069 0 0 -5.4978 2 0
19 6.1289 79.0734 -114.4232 0 0 8.6394 2 0
18 6.1289 93.3569 -100.4226 0 0 -5.4978 2 0
17 6.1289 107.4990 -86.2805 0 0 -5.4978 2 0
17 6.1289 114.9884 -93.7818 0 0 -5.4978 2 0
18 6.5289 129.1305 -79.6396 0 0 -5.4978 2 0
17 22.4713 161.2503 -32.5292 0 0 -5.4978 2 0
18 22.4713 175.3924 -18.3870 0 0 -5.4978 2 0
24 22.4713 182.8818 -25.8883 0 0 -5.4978 2 0
17 22.4713 189.5345 -4.2449 0 0 -5.4978 2 0
20 22.4713 197.1652 -11.8877 0 0 5.4978 2 0
18 22.4713 203.6767 9.8973 0 0 -5.4978 2 0
24 22.4713 211.1660 2.3960 0 0 -5.4978 2 0
17 22.4713 225.3082 16.5381 0 0 -5.4978 2 0
18 22.4713 231.9609 38.1815 0 0 -5.4978 2 0
17 22.4713 239.4503 30.6802 0 0 -5.4978 2 0
20 22.4713 245.9618 52.4652 0 0 8.6394 2 0
17 22.4713 253.5924 44.8224 0 0 -5.4978 2 0
17 21.2713 260.2452 66.4658 0 0 -5.4978 2 0
17 21.2713 267.7346 58.9645 0 0 -5.4978 2 0
17 -66.5823 351.1794 157.4001 0 0 -5.4978 2 0
17 -66.5823 358.6688 149.8988 0 0 -5.4978 2 0
17 -66.9823 365.3215 171.5422 0 0 -5.4978 2 0
17 -66.9823 372.8109 164.0409 0 0 -5.4978 2 0
17 -66.7823 379.4637 185.6843 0 0 -5.4978 2 0
17 -66.7823 386.9530 178.1830 0 0 -5.4978 2 0
17 -66.7823 393.6058 199.8265 0 0 -5.4978 2 0
18 -66.7823 401.0951 192.3252 0 0 -5.4978 2 0
17 -66.7823 407.7479 213.9686 0 0 -5.4978 2 0
17 -66.7823 415.2373 206.4673 0 0 -5.4978 2 0
18 -66.7823 421.8901 228.1108 0 0 -5.4978 2 0
18 -66.7823 436.0322 242.2529 0 0 -5.4978 2 0
17 -66.7823 443.5215 234.7516 0 0 -5.4978 2 0
17 -66.7823 506.9177 299.0005 0 0 -5.1051 2 0
18 -66.7823 510.9664 289.2042 0 0 -5.1051 2 0
17 -66.7823 529.4440 296.8579 0 0 -5.1051 2 0
18 -66.7823 543.8729 314.3079 0 0 -5.1051 2 0
17 -66.7823 547.9215 304.5115 0 0 -5.1051 2 0
17 -66.7823 562.3505 321.9616 0 0 -5.1051 2 0
17 -66.7823 566.3991 312.1652 0 0 -5.1051 2 0
20 -66.7823 580.7517 329.8001 0 0 8.2467 2 0
18 -66.7823 584.8767 319.8189 0 0 -5.1051 2 0
18 -66.7823 599.3057 337.2689 0 0 -5.1051 2 0
19 -66.7823 603.4307 327.2877 0 0 5.1051 2 0
20 -66.7823 617.7069 345.1074 0 0 8.2467 2 0
17 -66.7823 621.8319 335.1262 0 0 -5.1051 2 0
18 -66.7823 636.2608 352.5763 0 0 -5.1051 2 0
24 -66.7823 640.3095 342.7799 0 0 -5.1051 2 0
18 -66.7823 654.7384 360.2299 0 0 -5.1051 2 0
19 -66.7823 658.8635 350.2487 0 0 5.1051 2 0
18 -66.7823 673.2160 367.8836 0 0 -5.1051 2 0
17 -66.7823 677.2647 358.0873 0 0 -5.1051 2 0
17 -66.7823 691.6936 375.5373 0 0 -5.1051 2 0
17 -66.7823 710.1712 383.1909 0 0 -5.1051 2 0
18 -66.7823 714.2198 373.3946 0 0 -5.1051 2 0
18 -66.7823 725.9509 391.3902 0 0 -5.4978 2 0
17 -66.7823 731.8540 405.6497 0 0 -6.2832 2 0
20 -66.7823 742.6540 405.6411 0 0 6.2832 2 0
20 -66.7823 733.5880 427.5376 0 0 7.0686 2 0
18 -66.7823 711.6856 425.8100 0 0 -7.8540 2 0
24 -66.7823 711.6940 436.4100 0 0 -7.8540 2 0
18 -66.7823 689.9331 434.8236 0 0 -7.0686 2 0
18 -66.7823 697.4344 442.3129 0 0 -7.0686 2 0
17 -66.7823 680.9253 456.5784 0 0 -6.2832 2 0
18 -66.7823 691.5253 456.5700 0 0 -6.2832 2 0
17 -66.7823 709.1592 488.8253 0 0 -5.1051 2 0
19 -66.7823 713.2842 478.8441 0 0 5.1051 2 0
17 -66.7823 727.6368 496.4790 0 0 -5.1051 2 0
18 -66.7823 803.7526 537.9546 0 0 -5.4978 2 0
17 -66.7823 811.2419 530.4533 0 0 -5.4978 2 0
18 -66.7823 825.3841 544.5954 0 0 -5.4978 2 0
19 -66.7823 831.8955 566.3804 0 0 8.6394 2 0
17 -66.7823 839.5262 558.7375 0 0 -5.4978 2 0
18 -66.9823 846.1790 580.3810 0 0 -5.4978 2 0
17 -66.9823 853.6683 572.8797 0 0 -5.4978 2 0
17 -69.5823 867.8105 587.0218 0 0 -5.4978 2 0
17 -72.7823 881.9526 601.1640 0 0 -5.4978 2 0
17 -75.9823 888.6054 622.8074 0 0 -5.4978 2 0
17 -75.9823 896.0947 615.3061 0 0 -5.4978 2 0
18 -79.1823 902.7475 636.9495 0 0 -5.4978 2 0
18 -79.1823 910.2369 629.4482 0 0 -5.4978 2 0
17 -79.7823 916.8896 651.0917 0 0 -5.4978 2 0
17 -79.7823 924.3790 643.5904 0 0 -5.4978 2 0
18 -79.5823 928.3305 664.7054 0 0 -5.8905 2 0
17 -79.5823 938.1204 660.6412 0 0 -5.8905 2 0
18 -79.5823 928.3273 680.1386 0 0 -6.6759 2 0
18 -79.5823 938.1237 684.1872 0 0 -6.6759 2 0
17 -79.5823 917.4123 691.0492 0 0 -7.4613 2 0
24 -79.5823 921.4765 700.8391 0 0 -7.4613 2 0
17 -79.5823 901.9791 691.0461 0 0 -8.2467 2 0
18 -79.5823 897.9305 700.8425 0 0 -8.2467 2 0
20 -79.5823 879.3765 693.3736 0 0 8.2467 2 0
18 -79.5823 865.0240 675.7388 0 0 -8.2467 2 0
18 -79.5823 860.9753 685.5351 0 0 -8.2467 2 0
18 -79.5823 842.4977 677.8814 0 0 -8.2467 2 0
17 -79.5823 828.0688 660.4314 0 0 -8.2467 2 0
17 -79.5823 824.0201 670.2278 0 0 -8.2467 2 0
17 -79.5823 809.5912 652.7777 0 0 -8.2467 2 0
18 -79.5823 805.5425 662.5741 0 0 -8.2467 2 0
20 -79.5823 772.7124 637.2855 0 0 11.3883 2 0
17 -79.5823 768.5874 647.2667 0 0 -8.2467 2 0
17 -79.1823 750.1098 639.6130 0 0 -8.2467 2 0
18 -51.6975 669.1323 594.5977 0 0 -8.2467 2 0
19 -51.6975 665.0073 604.5789 0 0 8.2467 2 0
18 -51.6975 650.6547 586.9440 0 0 -8.2467 2 0
20 -51.6975 646.5297 596.9252 0 0 8.2467 2 0
19 -51.6975 629.6425 580.5769 0 0 10.9956 2 0
17 -51.6975 629.6511 591.3769 0 0 -7.8540 2 0
18 -51.6975 609.6426 580.7769 0 0 -7.8540 2 0
