ambient 0.5
headlight 0.2
directional 0.6
lightdir -1.0 1.0 1.0
background 190 200 225
clfactors 1.0 1.0 1.0
objtypes 36
data/steer.geo data/steer.col data/noref.ref data/nocl.cld
data/speed.geo data/speed.col data/noref.ref data/nocl.cld
data/dmod.geo data/dmod.col data/noref.ref data/nocl.cld
data/roads.geo data/roads.col data/roads.ref data/road.cld
data/roadlw.geo data/road.col data/roadlw.ref data/road.cld
data/roadln.geo data/road.col data/roadln.ref data/road.cld
data/roadrw.geo data/road.col data/roadrw.ref data/road.cld
data/roadrn.geo data/road.col data/roadrn.ref data/road.cld
data/road25.geo data/road.col data/road25.ref data/road.cld
data/road50.geo data/road.col data/road50.ref data/road.cld
data/road75.geo data/road.col data/road75.ref data/road.cld
data/tunnb.geo data/tunnb.col data/tunnb.ref data/tunnb.cld
data/tunn.geo data/tunn.col data/tunn.ref data/tunn.cld
data/bridgec.geo data/bridgec.col data/bridgstr.ref data/bridgec.cld
data/bridges.geo data/bridges.col data/bridges.ref data/bridges.cld
data/start.geo data/start.col data/start.ref data/nocl.cld
data/tree1.geo data/tree1.col data/tree.ref data/tree.cld
data/tree2.geo data/tree2.col data/tree.ref data/tree.cld
data/house1.geo data/house1.col data/house1.ref data/house1.cld
data/house2.geo data/house2.col data/house2.ref data/house2.cld
data/trs.geo data/trs.col data/trs.ref data/trs.cld
data/wind.geo data/wind.col data/wind.ref data/wind.cld
data/prop.geo data/prop.col data/noref.ref data/nocl.cld
data/tree3.geo data/tree3.col data/tree.ref data/nocl.cld
data/glider.geo data/glider.col data/noref.ref data/nocl.cld
data/bridgescl.geo data/bridges.col data/bridgec.ref data/bridgescl.cld
data/loop4r.geo data/loopblue.col data/loop4r.ref data/loop4r.cld
data/loop2r.geo data/loopgreen.col data/loop2r.ref data/loop2r.cld
data/loop1r.geo data/loopred.col data/loop1r.ref data/loop1r.cld
data/loop4l.geo data/loopblue.col data/loop4l.ref data/loop4l.cld
data/loop2l.geo data/loopgreen.col data/loop2l.ref data/loop2l.cld
data/loop1l.geo data/loopred.col data/loop1l.ref data/loop1l.cld
data/corkl.geo data/cork.col data/corkl.ref data/corkl.cld
data/corkr.geo data/cork.col data/corkr.ref data/corkr.cld
data/road11.geo data/road.col data/road11.ref data/road.cld
data/road12.geo data/road.col data/road12.ref data/road.cld
objects 621
16 -1.20 0 20 0 0 0 2 0
21 -1.2000 0.0000 0.0000 0 0 3.1416 5 0
4 -1.2000 0.0000 0.0000 0 0 -0.0000 1 0
4 -1.2000 0.0000 10.0000 0 0 -0.0000 1 0
4 -1.2000 0.0000 20.0000 0 0 -0.0000 1 0
4 -1.2000 0.0000 30.0000 0 0 -0.0000 1 0
4 -1.2000 0.0000 40.0000 0 0 -0.0000 1 0
5 -1.2000 0.0000 50.0000 0 0 -0.0000 1 0
5 -1.2000 -1.9383 59.7448 0 0 0.3927 1 0
5 -1.2000 -7.4582 68.0061 0 0 0.7854 1 0
4 -1.2000 -15.7194 73.5261 0 0 1.1781 1 0
4 -1.2000 -24.9582 77.3529 0 0 1.1781 1 0
4 -1.2000 -34.1970 81.1798 0 0 1.1781 1 0
4 -1.2000 -43.4358 85.0066 0 0 1.1781 1 0
4 -1.2000 -52.6746 88.8334 0 0 1.1781 1 0
4 -1.2000 -61.9134 92.6603 0 0 1.1781 1 0
4 -1.2000 -71.1522 96.4871 0 0 1.1781 1 0
4 -1.2000 -80.3910 100.3139 0 0 1.1781 1 0
4 -1.2000 -89.6298 104.1408 0 0 1.1781 1 0
4 -1.2000 -98.8686 107.9676 0 0 1.1781 1 0
32 -1.2000 -108.1074 111.7944 0 0 1.1781 1 0
4 -1.2000 -110.0208 107.1750 0 0 1.1781 1 0
4 -1.2000 -119.2596 111.0019 0 0 1.1781 1 0
4 -1.2000 -128.4984 114.8287 0 0 1.1781 1 0
4 -1.2000 -137.7372 118.6555 0 0 1.1781 1 0
4 -1.2000 -146.9760 122.4824 0 0 1.1781 1 0
7 -1.2000 -156.2148 126.3092 0 0 1.1781 1 0
7 -1.2000 -164.4760 131.8291 0 0 0.7854 1 0
7 -1.2000 -169.9961 140.0903 0 0 0.3927 1 0
7 -1.2000 -171.9345 149.8351 0 0 0.0000 1 0
4 -1.2000 -169.9962 159.5799 0 0 -0.3927 1 0
4 -1.2000 -166.1694 168.8187 0 0 -0.3927 1 0
4 -1.2000 -162.3425 178.0575 0 0 -0.3927 1 0
4 -1.2000 -158.5157 187.2963 0 0 -0.3927 1 0
4 -1.2000 -154.6889 196.5351 0 0 -0.3927 1 0
4 -1.2000 -150.8620 205.7739 0 0 -0.3927 1 0
4 -1.2000 -147.0352 215.0127 0 0 -0.3927 1 0
4 -1.2000 -143.2084 224.2515 0 0 -0.3927 1 0
4 -1.2000 -139.3815 233.4903 0 0 -0.3927 1 0
4 -1.2000 -135.5547 242.7291 0 0 -0.3927 1 0
4 -1.2000 -131.7278 251.9679 0 0 -0.3927 1 0
14 -1.2000 -127.9010 261.2067 0 0 -0.3927 1 0
26 1.2000 -124.0742 270.4455 0 0 -0.3927 1 0
26 3.6000 -120.2473 279.6842 0 0 -0.3927 1 0
15 6.0000 -116.4205 288.9230 0 0 -0.3927 1 0
15 6.0000 -112.5937 298.1618 0 0 -0.3927 1 0
15 6.0000 -108.7668 307.4006 0 0 -0.3927 1 0
26 3.6000 -101.1132 325.8782 0 0 2.7489 1 0
26 1.2000 -97.2863 335.1170 0 0 2.7489 1 0
14 -1.2000 -93.4595 344.3558 0 0 2.7489 1 0
4 -1.2000 -93.4595 344.3558 0 0 -0.3927 1 0
4 -1.2000 -89.6327 353.5946 0 0 -0.3927 1 0
4 -1.2000 -85.8058 362.8334 0 0 -0.3927 1 0
4 -1.2000 -81.9790 372.0722 0 0 -0.3927 1 0
4 -1.2000 -78.1522 381.3110 0 0 -0.3927 1 0
4 -1.2000 -74.3253 390.5498 0 0 -0.3927 1 0
7 -1.2000 -70.4985 399.7886 0 0 -0.3927 1 0
7 -1.2000 -64.9786 408.0499 0 0 -0.7854 1 0
7 -1.2000 -56.7174 413.5699 0 0 -1.1781 1 0
7 -1.2000 -46.9726 415.5083 0 0 -1.5708 1 0
4 -1.2000 -37.2278 413.5700 0 0 -1.9635 1 0
4 -1.2000 -27.9890 409.7432 0 0 -1.9635 1 0
4 -1.2000 -18.7502 405.9163 0 0 -1.9635 1 0
4 -1.2000 -9.5114 402.0895 0 0 -1.9635 1 0
4 -1.2000 -0.2726 398.2627 0 0 -1.9635 1 0
4 -1.2000 8.9662 394.4358 0 0 -1.9635 1 0
4 -1.2000 18.2050 390.6090 0 0 -1.9635 1 0
4 -1.2000 27.4438 386.7822 0 0 -1.9635 1 0
4 -1.2000 36.6826 382.9553 0 0 -1.9635 1 0
4 -1.2000 45.9214 379.1285 0 0 -1.9635 1 0
4 -1.2000 55.1602 375.3016 0 0 -1.9635 1 0
4 -1.2000 64.3990 371.4748 0 0 -1.9635 1 0
4 -1.2000 73.6377 367.6480 0 0 -1.9635 1 0
4 -1.2000 82.8765 363.8211 0 0 -1.9635 1 0
9 -2.0000 101.3541 356.1675 0 0 1.1781 1 0
10 -3.6000 110.5929 352.3406 0 0 1.1781 1 0
9 -4.4000 119.8317 348.5138 0 0 1.1781 1 0
4 -4.4000 119.8317 348.5138 0 0 -1.9635 1 0
7 -4.4000 129.0705 344.6870 0 0 -1.9635 1 0
7 -4.4000 137.3318 339.1670 0 0 -2.3562 1 0
7 -4.4000 142.8518 330.9058 0 0 -2.7489 1 0
7 -4.4000 144.7902 321.1611 0 0 -3.1416 1 0
4 -4.4000 142.8519 311.4163 0 0 -3.5343 1 0
4 -4.4000 139.0251 302.1775 0 0 -3.5343 1 0
4 -4.4000 135.1983 292.9387 0 0 -3.5343 1 0
4 -4.4000 131.3714 283.6999 0 0 -3.5343 1 0
4 -4.4000 127.5446 274.4611 0 0 -3.5343 1 0
4 -4.4000 123.7177 265.2223 0 0 -3.5343 1 0
4 -4.4000 119.8909 255.9835 0 0 -3.5343 1 0
4 -4.4000 116.0641 246.7447 0 0 -3.5343 1 0
7 -4.4000 112.2372 237.5059 0 0 -3.5343 1 0
7 -4.4000 106.7173 229.2446 0 0 -3.9270 1 0
7 -4.4000 98.4561 223.7246 0 0 -4.3197 1 0
7 -4.4000 88.7113 221.7862 0 0 -4.7124 1 0
4 -4.4000 78.9665 223.7245 0 0 -5.1051 1 0
12 -4.4000 69.7277 227.5513 0 0 -5.1051 1 0
13 -4.4000 60.4889 231.3782 0 0 -5.1051 1 0
13 -4.4000 51.2502 235.2050 0 0 -5.1051 1 0
13 -4.4000 42.0114 239.0318 0 0 -5.1051 1 0
13 -4.4000 32.7726 242.8587 0 0 -5.1051 1 0
13 -4.4000 23.5338 246.6855 0 0 -5.1051 1 0
13 -4.4000 14.2950 250.5123 0 0 -5.1051 1 0
13 -4.4000 5.0562 254.3392 0 0 -5.1051 1 0
13 -4.4000 -4.1826 258.1660 0 0 -5.1051 1 0
13 -4.4000 -13.4214 261.9929 0 0 -5.1051 1 0
13 -4.4000 -22.6602 265.8197 0 0 -5.1051 1 0
13 -4.4000 -31.8990 269.6465 0 0 -5.1051 1 0
13 -4.4000 -41.1378 273.4734 0 0 -5.1051 1 0
13 -4.4000 -50.3766 277.3002 0 0 -5.1051 1 0
13 -4.4000 -59.6154 281.1270 0 0 -5.1051 1 0
13 -4.4000 -68.8542 284.9539 0 0 -5.1051 1 0
13 -4.4000 -78.0930 288.7807 0 0 -5.1051 1 0
13 -4.4000 -87.3318 292.6076 0 0 -5.1051 1 0
13 -4.4000 -96.5706 296.4344 0 0 -5.1051 1 0
13 -4.4000 -105.8094 300.2612 0 0 -5.1051 1 0
13 -4.4000 -115.0481 304.0881 0 0 -5.1051 1 0
13 -4.4000 -124.2869 307.9149 0 0 -5.1051 1 0
13 -4.4000 -133.5257 311.7417 0 0 -5.1051 1 0
12 -4.4000 -152.0033 319.3954 0 0 -1.9635 1 0
4 -4.4000 -152.0033 319.3954 0 0 -5.1051 1 0
4 -4.4000 -161.2421 323.2222 0 0 -5.1051 1 0
4 -4.4000 -170.4809 327.0491 0 0 -5.1051 1 0
4 -4.4000 -179.7197 330.8759 0 0 -5.1051 1 0
4 -4.4000 -188.9585 334.7028 0 0 -5.1051 1 0
4 -4.4000 -198.1973 338.5296 0 0 -5.1051 1 0
4 -4.4000 -207.4361 342.3564 0 0 -5.1051 1 0
4 -4.4000 -216.6749 346.1833 0 0 -5.1051 1 0
4 -4.4000 -225.9137 350.0101 0 0 -5.1051 1 0
27 -4.4000 -235.1525 353.8369 0 0 -5.1051 1 0
4 -4.4000 -233.2391 358.4563 0 0 -5.1051 1 0
4 -4.4000 -242.4779 362.2832 0 0 -5.1051 1 0
4 -4.4000 -251.7166 366.1100 0 0 -5.1051 1 0
4 -4.4000 -260.9554 369.9368 0 0 -5.1051 1 0
4 -4.4000 -270.1942 373.7637 0 0 -5.1051 1 0
4 -4.4000 -279.4330 377.5905 0 0 -5.1051 1 0
4 -4.4000 -288.6718 381.4174 0 0 -5.1051 1 0
4 -4.4000 -297.9106 385.2442 0 0 -5.1051 1 0
4 -4.4000 -307.1494 389.0710 0 0 -5.1051 1 0
4 -4.4000 -316.3882 392.8979 0 0 -5.1051 1 0
4 -4.4000 -325.6270 396.7247 0 0 -5.1051 1 0
4 -4.4000 -334.8658 400.5515 0 0 -5.1051 1 0
4 -4.4000 -344.1046 404.3784 0 0 -5.1051 1 0
4 -4.4000 -353.3434 408.2052 0 0 -5.1051 1 0
4 -4.4000 -362.5822 412.0320 0 0 -5.1051 1 0
9 -4.4000 -371.8210 415.8589 0 0 -5.1051 1 0
10 -3.6000 -381.0598 419.6857 0 0 -5.1051 1 0
11 -2.0000 -390.2986 423.5126 0 0 -5.1051 1 0
11 0.4000 -399.5374 427.3394 0 0 -5.1051 1 0
11 2.8000 -408.7762 431.1662 0 0 -5.1051 1 0
11 5.2000 -418.0149 434.9931 0 0 -5.1051 1 0
11 7.6000 -427.2537 438.8199 0 0 -5.1051 1 0
11 10.0000 -436.4925 442.6467 0 0 -5.1051 1 0
11 12.4000 -445.7313 446.4736 0 0 -5.1051 1 0
11 14.8000 -454.9701 450.3004 0 0 -5.1051 1 0
11 17.2000 -464.2089 454.1272 0 0 -5.1051 1 0
11 19.6000 -473.4477 457.9541 0 0 -5.1051 1 0
11 22.0000 -482.6865 461.7809 0 0 -5.1051 1 0
11 24.4000 -491.9253 465.6078 0 0 -5.1051 1 0
11 26.8000 -501.1641 469.4346 0 0 -5.1051 1 0
11 29.2000 -510.4029 473.2614 0 0 -5.1051 1 0
11 31.6000 -519.6417 477.0883 0 0 -5.1051 1 0
10 34.0000 -528.8805 480.9151 0 0 -5.1051 1 0
9 35.6000 -538.1193 484.7419 0 0 -5.1051 1 0
4 36.4000 -547.3581 488.5688 0 0 -5.1051 1 0
4 36.4000 -556.5969 492.3956 0 0 -5.1051 1 0
5 36.4000 -565.8357 496.2224 0 0 -5.1051 1 0
5 36.4000 -575.5804 498.1609 0 0 -4.7124 1 0
5 36.4000 -585.3252 496.2226 0 0 -4.3197 1 0
5 36.4000 -593.5865 490.7026 0 0 -3.9270 1 0
5 36.4000 -599.1065 482.4414 0 0 -3.5343 1 0
5 36.4000 -601.0450 472.6967 0 0 -3.1416 1 0
5 36.4000 -599.1067 462.9519 0 0 -2.7489 1 0
5 36.4000 -593.5867 454.6906 0 0 -2.3562 1 0
4 36.4000 -585.3255 449.1706 0 0 -1.9635 1 0
4 36.4000 -576.0867 445.3437 0 0 -1.9635 1 0
9 35.6000 -557.6091 437.6901 0 0 1.1781 1 0
10 34.0000 -548.3703 433.8632 0 0 1.1781 1 0
11 31.6000 -539.1316 430.0364 0 0 1.1781 1 0
11 29.2000 -529.8928 426.2096 0 0 1.1781 1 0
11 26.8000 -520.6540 422.3827 0 0 1.1781 1 0
11 24.4000 -511.4152 418.5559 0 0 1.1781 1 0
11 22.0000 -502.1764 414.7291 0 0 1.1781 1 0
11 19.6000 -492.9376 410.9022 0 0 1.1781 1 0
11 17.2000 -483.6988 407.0754 0 0 1.1781 1 0
11 14.8000 -474.4600 403.2485 0 0 1.1781 1 0
11 12.4000 -465.2212 399.4217 0 0 1.1781 1 0
11 10.0000 -455.9824 395.5949 0 0 1.1781 1 0
11 7.6000 -446.7436 391.7680 0 0 1.1781 1 0
11 5.2000 -437.5048 387.9412 0 0 1.1781 1 0
11 2.8000 -428.2660 384.1144 0 0 1.1781 1 0
11 0.4000 -419.0272 380.2875 0 0 1.1781 1 0
11 -2.0000 -409.7884 376.4607 0 0 1.1781 1 0
10 -3.6000 -400.5496 372.6339 0 0 1.1781 1 0
9 -4.4000 -391.3108 368.8070 0 0 1.1781 1 0
4 -4.4000 -391.3108 368.8070 0 0 -1.9635 1 0
4 -4.4000 -382.0720 364.9802 0 0 -1.9635 1 0
4 -4.4000 -372.8332 361.1534 0 0 -1.9635 1 0
4 -4.4000 -363.5944 357.3265 0 0 -1.9635 1 0
4 -4.4000 -354.3557 353.4997 0 0 -1.9635 1 0
4 -4.4000 -345.1169 349.6729 0 0 -1.9635 1 0
4 -4.4000 -335.8781 345.8460 0 0 -1.9635 1 0
4 -4.4000 -326.6393 342.0192 0 0 -1.9635 1 0
4 -4.4000 -317.4005 338.1924 0 0 -1.9635 1 0
4 -4.4000 -308.1617 334.3655 0 0 -1.9635 1 0
4 -4.4000 -298.9229 330.5387 0 0 -1.9635 1 0
4 -4.4000 -289.6841 326.7118 0 0 -1.9635 1 0
4 -4.4000 -280.4453 322.8850 0 0 -1.9635 1 0
4 -4.4000 -271.2065 319.0582 0 0 -1.9635 1 0
4 -4.4000 -261.9677 315.2313 0 0 -1.9635 1 0
4 -4.4000 -252.7289 311.4045 0 0 -1.9635 1 0
4 -4.4000 -243.4901 307.5777 0 0 -1.9635 1 0
4 -4.4000 -234.2513 303.7508 0 0 -1.9635 1 0
4 -4.4000 -225.0125 299.9240 0 0 -1.9635 1 0
4 -4.4000 -215.7737 296.0972 0 0 -1.9635 1 0
7 -4.4000 -206.5349 292.2703 0 0 -1.9635 1 0
7 -4.4000 -198.2737 286.7504 0 0 -2.3562 1 0
4 -4.4000 -192.7536 278.4892 0 0 -2.7489 1 0
4 -4.4000 -188.9268 269.2504 0 0 -2.7489 1 0
7 -4.4000 -185.1000 260.0116 0 0 -2.7489 1 0
7 -4.4000 -183.1616 250.2668 0 0 -3.1416 1 0
7 -4.4000 -185.0999 240.5220 0 0 -3.5343 1 0
7 -4.4000 -190.6198 232.2608 0 0 -3.9270 1 0
7 -4.4000 -198.8810 226.7407 0 0 -4.3197 1 0
7 -4.4000 -208.6258 224.8023 0 0 -4.7124 1 0
7 -4.4000 -218.3706 226.7406 0 0 -5.1051 1 0
7 -4.4000 -226.6318 232.2606 0 0 -5.4978 1 0
7 -4.4000 -232.1519 240.5218 0 0 -5.8905 1 0
9 -4.4000 -234.0903 250.2665 0 0 -6.2832 1 0
9 -3.6000 -234.0903 260.2665 0 0 -6.2832 1 0
9 -2.8000 -234.0903 270.2665 0 0 -6.2832 1 0
14 -2.0000 -234.0903 280.2665 0 0 -6.2832 1 0
26 0.4000 -234.0903 290.2665 0 0 -6.2832 1 0
26 2.8000 -234.0903 300.2665 0 0 -6.2832 1 0
15 5.2000 -234.0903 310.2665 0 0 -6.2832 1 0
15 5.2000 -234.0902 320.2665 0 0 -6.2832 1 0
15 5.2000 -234.0902 330.2665 0 0 -6.2832 1 0
15 5.2000 -234.0902 340.2665 0 0 -6.2832 1 0
26 2.8000 -234.0902 360.2665 0 0 -3.1416 1 0
26 0.4000 -234.0902 370.2665 0 0 -3.1416 1 0
14 -2.0000 -234.0902 380.2665 0 0 -3.1416 1 0
9 -2.8000 -234.0902 390.2665 0 0 -3.1416 1 0
9 -3.6000 -234.0902 400.2665 0 0 -3.1416 1 0
9 -4.4000 -234.0902 410.2665 0 0 -3.1416 1 0
4 -4.4000 -234.0902 410.2665 0 0 -6.2832 1 0
4 -4.4000 -234.0902 420.2665 0 0 -6.2832 1 0
4 -4.4000 -234.0902 430.2665 0 0 -6.2832 1 0
4 -4.4000 -234.0902 440.2665 0 0 -6.2832 1 0
4 -4.4000 -234.0902 450.2665 0 0 -6.2832 1 0
4 -4.4000 -234.0902 460.2665 0 0 -6.2832 1 0
4 -4.4000 -234.0902 470.2665 0 0 -6.2832 1 0
4 -4.4000 -234.0902 480.2665 0 0 -6.2832 1 0
4 -4.4000 -234.0902 490.2665 0 0 -6.2832 1 0
4 -4.4000 -234.0902 500.2665 0 0 -6.2832 1 0
4 -4.4000 -234.0902 510.2665 0 0 -6.2832 1 0
4 -4.4000 -234.0902 520.2665 0 0 -6.2832 1 0
4 -4.4000 -234.0902 530.2665 0 0 -6.2832 1 0
4 -4.4000 -234.0902 540.2665 0 0 -6.2832 1 0
4 -4.4000 -234.0902 550.2665 0 0 -6.2832 1 0
4 -4.4000 -234.0902 560.2665 0 0 -6.2832 1 0
4 -4.4000 -234.0902 570.2665 0 0 -6.2832 1 0
4 -4.4000 -234.0902 580.2665 0 0 -6.2832 1 0
4 -4.4000 -234.0902 590.2665 0 0 -6.2832 1 0
4 -4.4000 -234.0902 600.2665 0 0 -6.2832 1 0
4 -4.4000 -234.0902 610.2665 0 0 -6.2832 1 0
4 -4.4000 -234.0902 620.2665 0 0 -6.2832 1 0
4 -4.4000 -234.0902 630.2665 0 0 -6.2832 1 0
4 -4.4000 -234.0902 640.2665 0 0 -6.2832 1 0
4 -4.4000 -234.0902 650.2665 0 0 -6.2832 1 0
4 -4.4000 -234.0902 660.2665 0 0 -6.2832 1 0
4 -4.4000 -234.0901 670.2665 0 0 -6.2832 1 0
4 -4.4000 -234.0901 680.2665 0 0 -6.2832 1 0
4 -4.4000 -234.0901 690.2665 0 0 -6.2832 1 0
4 -4.4000 -234.0901 700.2665 0 0 -6.2832 1 0
9 -4.4000 -234.0901 710.2665 0 0 -6.2832 1 0
10 -3.6000 -234.0901 720.2665 0 0 -6.2832 1 0
11 -2.0000 -234.0901 730.2665 0 0 -6.2832 1 0
10 0.4000 -234.0901 740.2665 0 0 -6.2832 1 0
9 2.0000 -234.0901 750.2665 0 0 -6.2832 1 0
4 2.8000 -234.0901 760.2665 0 0 -6.2832 1 0
9 2.0000 -234.0901 780.2665 0 0 -3.1416 1 0
10 0.4000 -234.0901 790.2665 0 0 -3.1416 1 0
11 -2.0000 -234.0901 800.2665 0 0 -3.1416 1 0
10 -3.6000 -234.0901 810.2665 0 0 -3.1416 1 0
9 -4.4000 -234.0901 820.2665 0 0 -3.1416 1 0
4 -4.4000 -234.0901 820.2665 0 0 -6.2832 1 0
9 -4.4000 -234.0901 830.2665 0 0 -6.2832 1 0
10 -3.6000 -234.0901 840.2665 0 0 -6.2832 1 0
11 -2.0000 -234.0901 850.2665 0 0 -6.2832 1 0
10 0.4000 -234.0901 860.2665 0 0 -6.2832 1 0
9 2.0000 -234.0901 870.2665 0 0 -6.2832 1 0
4 2.8000 -234.0901 880.2665 0 0 -6.2832 1 0
9 2.0000 -234.0901 900.2665 0 0 -3.1416 1 0
10 0.4000 -234.0901 910.2665 0 0 -3.1416 1 0
11 -2.0000 -234.0901 920.2665 0 0 -3.1416 1 0
10 -3.6000 -234.0901 930.2665 0 0 -3.1416 1 0
9 -4.4000 -234.0901 940.2665 0 0 -3.1416 1 0
4 -4.4000 -234.0901 940.2665 0 0 -6.2832 1 0
9 -4.4000 -234.0901 950.2665 0 0 -6.2832 1 0
10 -3.6000 -234.0901 960.2665 0 0 -6.2832 1 0
11 -2.0000 -234.0901 970.2665 0 0 -6.2832 1 0
10 0.4000 -234.0901 980.2665 0 0 -6.2832 1 0
9 2.0000 -234.0901 990.2665 0 0 -6.2832 1 0
4 2.8000 -234.0901 1000.2665 0 0 -6.2832 1 0
9 2.0000 -234.0900 1020.2665 0 0 -3.1416 1 0
10 0.4000 -234.0900 1030.2665 0 0 -3.1416 1 0
11 -2.0000 -234.0900 1040.2665 0 0 -3.1416 1 0
10 -3.6000 -234.0900 1050.2665 0 0 -3.1416 1 0
9 -4.4000 -234.0900 1060.2665 0 0 -3.1416 1 0
4 -4.4000 -234.0900 1060.2665 0 0 -6.2832 1 0
4 -4.4000 -234.0900 1070.2665 0 0 -6.2832 1 0
4 -4.4000 -234.0900 1080.2665 0 0 -6.2832 1 0
4 -4.4000 -234.0900 1090.2665 0 0 -6.2832 1 0
4 -4.4000 -234.0900 1100.2665 0 0 -6.2832 1 0
4 -4.4000 -234.0900 1110.2665 0 0 -6.2832 1 0
4 -4.4000 -234.0900 1120.2665 0 0 -6.2832 1 0
4 -4.4000 -234.0900 1130.2665 0 0 -6.2832 1 0
4 -4.4000 -234.0900 1140.2665 0 0 -6.2832 1 0
4 -4.4000 -234.0900 1150.2665 0 0 -6.2832 1 0
4 -4.4000 -234.0900 1160.2665 0 0 -6.2832 1 0
4 -4.4000 -234.0900 1170.2665 0 0 -6.2832 1 0
4 -4.4000 -234.0900 1180.2665 0 0 -6.2832 1 0
4 -4.4000 -234.0900 1190.2665 0 0 -6.2832 1 0
7 -4.4000 -234.0900 1200.2665 0 0 -6.2832 1 0
7 -4.4000 -232.1517 1210.0113 0 0 -6.6759 1 0
4 -4.4000 -226.6318 1218.2726 0 0 -7.0686 1 0
4 -4.4000 -219.5607 1225.3437 0 0 -7.0686 1 0
4 -4.4000 -212.4896 1232.4147 0 0 -7.0686 1 0
6 -4.4000 -205.4185 1239.4858 0 0 -7.0686 1 0
4 -4.4000 -201.6893 1248.4889 0 0 -6.2832 1 0
4 -4.4000 -201.6893 1258.4889 0 0 -6.2832 1 0
4 -4.4000 -201.6893 1268.4889 0 0 -6.2832 1 0
4 -4.4000 -201.6893 1278.4889 0 0 -6.2832 1 0
4 -4.4000 -201.6893 1288.4889 0 0 -6.2832 1 0
4 -4.4000 -201.6893 1298.4889 0 0 -6.2832 1 0
4 -4.4000 -201.6893 1308.4889 0 0 -6.2832 1 0
4 -4.4000 -201.6893 1318.4889 0 0 -6.2832 1 0
4 -4.4000 -201.6893 1328.4889 0 0 -6.2832 1 0
4 -4.4000 -201.6893 1338.4889 0 0 -6.2832 1 0
7 -4.4000 -201.6893 1348.4889 0 0 -6.2832 1 0
7 -4.4000 -199.7510 1358.2337 0 0 -6.6759 1 0
7 -4.4000 -194.2311 1366.4950 0 0 -7.0686 1 0
7 -4.4000 -185.9699 1372.0150 0 0 -7.4613 1 0
7 -4.4000 -176.2251 1373.9534 0 0 -7.8540 1 0
7 -4.4000 -166.4803 1372.0151 0 0 -8.2467 1 0
7 -4.4000 -158.2190 1366.4952 0 0 -8.6394 1 0
7 -4.4000 -152.6990 1358.2340 0 0 -9.0321 1 0
9 -4.4000 -150.7606 1348.4892 0 0 -9.4248 1 0
9 -3.6000 -150.7606 1338.4892 0 0 -9.4248 1 0
9 -2.8000 -150.7606 1328.4892 0 0 -9.4248 1 0
9 -2.0000 -150.7606 1318.4892 0 0 -9.4248 1 0
8 -1.2000 -150.7606 1308.4892 0 0 -9.4248 1 0
8 -1.2000 -154.4898 1299.4861 0 0 -10.2102 1 0
8 -1.2000 -163.4929 1295.7569 0 0 -10.9956 1 0
8 -1.2000 -172.4960 1299.4861 0 0 -11.7810 1 0
9 -1.2000 -176.2252 1308.4892 0 0 -12.5664 1 0
9 -0.4000 -176.2252 1318.4892 0 0 -12.5664 1 0
9 0.4000 -176.2252 1328.4892 0 0 -12.5664 1 0
9 1.2000 -176.2252 1338.4892 0 0 -12.5664 1 0
14 2.0000 -176.2252 1348.4892 0 0 -12.5664 1 0
26 4.4000 -176.2252 1358.4892 0 0 -12.5664 1 0
15 6.8000 -176.2252 1368.4892 0 0 -12.5664 1 0
15 6.8000 -176.2252 1378.4892 0 0 -12.5664 1 0
15 6.8000 -176.2252 1388.4892 0 0 -12.5664 1 0
15 6.8000 -176.2252 1398.4892 0 0 -12.5664 1 0
15 6.8000 -176.2252 1408.4892 0 0 -12.5664 1 0
15 6.8000 -176.2251 1418.4892 0 0 -12.5664 1 0
26 4.4000 -176.2251 1438.4892 0 0 -9.4248 1 0
14 2.0000 -176.2251 1448.4892 0 0 -9.4248 1 0
4 2.0000 -176.2251 1448.4892 0 0 -12.5664 1 0
4 2.0000 -176.2251 1458.4892 0 0 -12.5664 1 0
4 2.0000 -176.2251 1468.4892 0 0 -12.5664 1 0
4 2.0000 -176.2251 1478.4892 0 0 -12.5664 1 0
4 2.0000 -176.2251 1488.4892 0 0 -12.5664 1 0
4 2.0000 -176.2251 1498.4892 0 0 -12.5664 1 0
4 2.0000 -176.2251 1508.4892 0 0 -12.5664 1 0
21 2.0000 -176.2251 1518.4892 0 0 -12.5664 5 0
16 2.0000 -176.2251 1498.4892 0 0 -12.5664 2 0
17 -1.2000 -5.3000 40.0042 0 0 0.0000 2 0
18 -1.2000 5.3000 39.9958 0 0 0.0000 2 0
19 -1.2000 -7.0213 57.6441 0 0 3.5343 2 0
17 -1.2000 -17.7515 68.6311 0 0 -1.1781 2 0
18 -1.2000 -36.2291 76.2848 0 0 -1.1781 2 0
18 -1.2000 -32.1649 86.0747 0 0 -1.1781 2 0
17 -1.2000 -54.7067 83.9385 0 0 -1.1781 2 0
17 -1.2000 -50.6425 93.7284 0 0 -1.1781 2 0
18 -1.2000 -73.1843 91.5922 0 0 -1.1781 2 0
17 -1.2000 -69.1201 101.3820 0 0 -1.1781 2 0
17 -1.2000 -87.5977 109.0357 0 0 -1.1781 2 0
17 -1.2000 -139.7693 113.7606 0 0 -1.1781 2 0
18 -1.2000 -135.7051 123.5505 0 0 -1.1781 2 0
20 -1.2000 -154.1060 131.3889 0 0 1.1781 2 0
18 -1.2000 -174.8942 138.0660 0 0 -0.3927 2 0
18 -1.2000 -165.0979 142.1147 0 0 -0.3927 2 0
17 -1.2000 -174.8911 161.6120 0 0 0.3927 2 0
18 -1.2000 -165.1012 157.5478 0 0 0.3927 2 0
17 -1.2000 -167.2375 180.0896 0 0 0.3927 2 0
17 -1.2000 -157.4476 176.0254 0 0 0.3927 2 0
18 -1.2000 -159.5838 198.5672 0 0 0.3927 2 0
18 -1.2000 -151.9301 217.0448 0 0 0.3927 2 0
17 -1.2000 -142.1402 212.9806 0 0 0.3927 2 0
17 -1.2000 -144.2765 235.5224 0 0 0.3927 2 0
24 -1.2000 -136.6228 254.0000 0 0 0.3927 2 0
20 -1.2000 -126.6482 249.8591 0 0 -0.3927 2 0
20 -1.2000 -90.8855 364.9422 0 0 2.7489 2 0
24 -1.2000 -80.9109 360.8013 0 0 0.3927 2 0
17 -1.2000 -83.0471 383.3431 0 0 0.3927 2 0
17 -1.2000 -73.2572 379.2789 0 0 0.3927 2 0
17 -1.2000 -75.3934 401.8207 0 0 0.3927 2 0
18 -1.2000 -65.6036 397.7565 0 0 0.3927 2 0
17 -1.2000 -58.7417 418.4681 0 0 1.1781 2 0
18 -1.2000 -54.6930 408.6717 0 0 1.1781 2 0
17 -1.2000 -35.1957 418.4649 0 0 1.9635 2 0
19 -1.2000 -39.3366 408.4903 0 0 -1.9635 2 0
19 -1.2000 -16.6414 410.9960 0 0 1.1781 2 0
17 -1.2000 -20.7823 401.0214 0 0 1.9635 2 0
18 -1.2000 1.7595 403.1576 0 0 1.9635 2 0
17 -1.2000 -2.3047 393.3677 0 0 1.9635 2 0
18 -1.2000 20.2371 395.5039 0 0 1.9635 2 0
18 -1.2000 16.1729 385.7140 0 0 1.9635 2 0
17 -1.2000 57.1923 380.1966 0 0 1.9635 2 0
18 -1.2000 53.1280 370.4067 0 0 1.9635 2 0
17 -1.2000 75.6699 372.5429 0 0 1.9635 2 0
24 -1.4000 94.1475 364.8892 0 0 1.9635 2 0
17 -1.4000 90.0832 355.0994 0 0 1.9635 2 0
24 -4.0000 112.6251 357.2356 0 0 1.9635 2 0
18 -4.6000 131.1026 349.5819 0 0 1.9635 2 0
17 -4.6000 127.0384 339.7920 0 0 1.9635 2 0
18 -4.4000 147.7469 309.3841 0 0 3.5343 2 0
17 -4.4000 137.9570 313.4484 0 0 3.5343 2 0
18 -4.4000 140.0932 290.9065 0 0 3.5343 2 0
18 -4.4000 132.4395 272.4290 0 0 3.5343 2 0
17 -4.4000 122.6496 276.4932 0 0 3.5343 2 0
17 -4.4000 124.7859 253.9514 0 0 3.5343 2 0
17 -4.4000 114.9960 258.0156 0 0 3.5343 2 0
20 -4.4000 117.3169 235.3971 0 0 -0.3927 2 0
20 -4.4000 100.5568 218.6416 0 0 -1.1781 2 0
18 -4.4000 76.9344 218.8295 0 0 5.1051 2 0
24 -4.4000 80.9987 228.6194 0 0 5.1051 2 0
18 -4.4000 -181.7518 325.9810 0 0 5.1051 2 0
18 -4.4000 -177.6876 335.7709 0 0 5.1051 2 0
17 -4.4000 -200.2294 333.6346 0 0 5.1051 2 0
17 -4.4000 -218.7070 341.2883 0 0 5.1051 2 0
18 -4.4000 -214.6428 351.0782 0 0 5.1051 2 0
18 -4.4000 -262.9876 365.0419 0 0 5.1051 2 0
18 -4.4000 -258.9233 374.8318 0 0 5.1051 2 0
18 -4.4000 -281.4652 372.6956 0 0 5.1051 2 0
18 -4.4000 -277.4009 382.4855 0 0 5.1051 2 0
17 -4.4000 -299.9427 380.3492 0 0 5.1051 2 0
17 -4.4000 -295.8785 390.1391 0 0 5.1051 2 0
18 -4.4000 -318.4203 388.0029 0 0 5.1051 2 0
17 -4.4000 -314.3561 397.7928 0 0 5.1051 2 0
18 -4.4000 -336.8979 395.6566 0 0 5.1051 2 0
18 -4.4000 -355.3755 403.3103 0 0 5.1051 2 0
20 -4.4000 -351.2346 413.2849 0 0 -5.1051 2 0
17 -4.6000 -373.8531 410.9639 0 0 5.1051 2 0
24 -4.6000 -369.7889 420.7538 0 0 5.1051 2 0
18 -2.6000 -392.3307 418.6176 0 0 5.1051 2 0
18 -2.6000 -388.2664 428.4075 0 0 5.1051 2 0
18 2.2000 -410.8083 426.2713 0 0 5.1051 2 0
17 2.2000 -406.7440 436.0612 0 0 5.1051 2 0
18 11.8000 -447.7635 441.5786 0 0 5.1051 2 0
18 11.8000 -443.6992 451.3685 0 0 5.1051 2 0
17 16.6000 -466.2410 449.2323 0 0 5.1051 2 0
17 16.6000 -462.1768 459.0222 0 0 5.1051 2 0
17 21.4000 -484.7186 456.8860 0 0 5.1051 2 0
18 21.4000 -480.6544 466.6759 0 0 5.1051 2 0
17 26.2000 -503.1962 464.5396 0 0 5.1051 2 0
18 26.2000 -499.1320 474.3295 0 0 5.1051 2 0
18 31.0000 -521.6738 472.1933 0 0 5.1051 2 0
24 31.0000 -517.6096 481.9832 0 0 5.1051 2 0
17 35.0000 -540.1514 479.8470 0 0 5.1051 2 0
18 36.2000 -558.6290 487.5007 0 0 5.1051 2 0
24 36.2000 -554.5647 497.2906 0 0 5.1051 2 0
17 36.4000 -575.5762 503.4609 0 0 4.7124 2 0
18 36.4000 -589.8418 486.9520 0 0 3.9270 2 0
17 36.4000 -597.3312 494.4533 0 0 3.9270 2 0
17 36.4000 -606.3449 472.7009 0 0 3.1416 2 0
19 36.4000 -589.6945 458.5766 0 0 0.7854 2 0
17 36.4000 -597.3374 450.9459 0 0 2.3562 2 0
17 36.4000 -574.0546 450.2387 0 0 1.9635 2 0
17 36.4000 -578.1189 440.4488 0 0 1.9635 2 0
17 35.2000 -555.5770 442.5850 0 0 1.9635 2 0
17 31.0000 -537.0994 434.9313 0 0 1.9635 2 0
17 31.0000 -541.1637 425.1414 0 0 1.9635 2 0
17 26.2000 -518.6218 427.2777 0 0 1.9635 2 0
18 26.2000 -522.6861 417.4878 0 0 1.9635 2 0
17 21.4000 -500.1442 419.6240 0 0 1.9635 2 0
17 21.4000 -504.2085 409.8341 0 0 1.9635 2 0
18 16.6000 -481.6667 411.9703 0 0 1.9635 2 0
18 11.8000 -463.1891 404.3167 0 0 1.9635 2 0
17 11.8000 -467.2533 394.5268 0 0 1.9635 2 0
17 7.0000 -444.7115 396.6630 0 0 1.9635 2 0
18 7.0000 -448.7757 386.8731 0 0 1.9635 2 0
18 2.2000 -426.2339 389.0093 0 0 1.9635 2 0
17 2.2000 -430.2981 379.2194 0 0 1.9635 2 0
18 -2.6000 -407.7563 381.3556 0 0 1.9635 2 0
17 -2.6000 -411.8205 371.5658 0 0 1.9635 2 0
17 -4.8000 -389.2787 373.7020 0 0 1.9635 2 0
17 -4.8000 -393.3430 363.9121 0 0 1.9635 2 0
20 -4.4000 -374.9420 356.0737 0 0 -1.9635 2 0
18 -4.4000 -352.3235 358.3946 0 0 1.9635 2 0
17 -4.4000 -337.9102 340.9511 0 0 1.9635 2 0
18 -4.4000 -315.3683 343.0873 0 0 1.9635 2 0
24 -4.4000 -319.4326 333.2974 0 0 1.9635 2 0
18 -4.4000 -296.8908 335.4336 0 0 1.9635 2 0
18 -4.4000 -278.4132 327.7800 0 0 1.9635 2 0
17 -4.4000 -282.4774 317.9901 0 0 1.9635 2 0
17 -4.4000 -259.9356 320.1263 0 0 1.9635 2 0
17 -4.4000 -241.4580 312.4726 0 0 1.9635 2 0
18 -4.4000 -245.5222 302.6827 0 0 1.9635 2 0
18 -4.4000 -222.9804 304.8189 0 0 1.9635 2 0
18 -4.4000 -227.0446 295.0291 0 0 1.9635 2 0
17 -4.4000 -204.5028 297.1653 0 0 1.9635 2 0
17 -4.4000 -187.8555 280.5135 0 0 2.7489 2 0
18 -4.4000 -180.2018 262.0359 0 0 2.7489 2 0
24 -4.4000 -189.9981 257.9873 0 0 2.7489 2 0
18 -4.4000 -180.2049 238.4899 0 0 3.5343 2 0
18 -4.4000 -189.9948 242.5542 0 0 3.5343 2 0
17 -4.4000 -196.8567 221.8426 0 0 4.3197 2 0
18 -4.4000 -200.9053 231.6389 0 0 4.3197 2 0
17 -4.4000 -220.4027 221.8457 0 0 5.1051 2 0
19 -4.4000 -216.2618 231.8203 0 0 -5.1051 2 0
17 -4.4000 -237.0500 238.4974 0 0 5.8905 2 0
17 -3.8000 -239.3903 260.2708 0 0 6.2832 2 0
18 -3.8000 -228.7903 260.2623 0 0 6.2832 2 0
18 -3.8000 -239.3902 400.2708 0 0 6.2832 2 0
17 -3.8000 -228.7902 400.2623 0 0 6.2832 2 0
17 -4.6000 -239.3902 420.2708 0 0 6.2832 2 0
18 -4.6000 -228.7902 420.2623 0 0 6.2832 2 0
17 -4.4000 -228.7902 440.2623 0 0 6.2832 2 0
18 -4.4000 -239.3902 460.2708 0 0 6.2832 2 0
17 -4.4000 -228.7902 460.2623 0 0 6.2832 2 0
18 -4.4000 -239.3902 480.2708 0 0 6.2832 2 0
17 -4.4000 -239.3902 500.2708 0 0 6.2832 2 0
17 -4.4000 -228.7902 500.2623 0 0 6.2832 2 0
17 -4.4000 -228.7902 520.2623 0 0 6.2832 2 0
18 -4.4000 -239.3902 540.2708 0 0 6.2832 2 0
18 -4.4000 -228.7902 540.2623 0 0 6.2832 2 0
17 -4.4000 -239.3902 560.2708 0 0 6.2832 2 0
17 -4.4000 -228.7902 560.2623 0 0 6.2832 2 0
18 -4.4000 -239.3902 580.2708 0 0 6.2832 2 0
19 -4.4000 -228.5902 580.2622 0 0 -6.2832 2 0
18 -4.4000 -239.3902 600.2708 0 0 6.2832 2 0
18 -4.4000 -228.7902 600.2623 0 0 6.2832 2 0
17 -4.4000 -239.3902 620.2708 0 0 6.2832 2 0
24 -4.4000 -228.7902 620.2623 0 0 6.2832 2 0
17 -4.4000 -239.3902 640.2708 0 0 6.2832 2 0
18 -4.4000 -228.7902 640.2623 0 0 6.2832 2 0
18 -4.4000 -239.3901 660.2708 0 0 6.2832 2 0
18 -4.4000 -239.3901 680.2708 0 0 6.2832 2 0
18 -4.4000 -228.7901 680.2623 0 0 6.2832 2 0
18 -4.4000 -239.3901 700.2708 0 0 6.2832 2 0
20 -4.4000 -228.5901 700.2622 0 0 -6.2832 2 0
17 -4.0000 -239.3901 720.2708 0 0 6.2832 2 0
17 -4.0000 -228.7901 720.2623 0 0 6.2832 2 0
17 -0.2000 -239.3901 740.2708 0 0 6.2832 2 0
18 -0.2000 -228.7901 740.2623 0 0 6.2832 2 0
18 2.4000 -239.3901 760.2708 0 0 6.2832 2 0
17 2.4000 -228.7901 760.2623 0 0 6.2832 2 0
17 1.6000 -228.7901 780.2623 0 0 6.2832 2 0
17 -2.6000 -228.7901 800.2623 0 0 6.2832 2 0
18 -4.8000 -239.3901 820.2708 0 0 6.2832 2 0
18 -4.0000 -239.3901 840.2708 0 0 6.2832 2 0
17 -0.2000 -228.7901 860.2623 0 0 6.2832 2 0
18 2.4000 -239.3901 880.2708 0 0 6.2832 2 0
18 2.4000 -228.7901 880.2623 0 0 6.2832 2 0
17 1.6000 -239.3901 900.2708 0 0 6.2832 2 0
18 1.6000 -228.7901 900.2623 0 0 6.2832 2 0
18 -2.6000 -239.3901 920.2708 0 0 6.2832 2 0
18 -2.6000 -228.7901 920.2623 0 0 6.2832 2 0
17 -4.8000 -239.3901 940.2708 0 0 6.2832 2 0
17 -4.8000 -228.7901 940.2623 0 0 6.2832 2 0
18 -4.0000 -228.7901 960.2623 0 0 6.2832 2 0
18 -0.2000 -239.3901 980.2708 0 0 6.2832 2 0
17 -0.2000 -228.7901 980.2623 0 0 6.2832 2 0
18 2.4000 -239.3900 1000.2708 0 0 6.2832 2 0
18 2.4000 -228.7901 1000.2623 0 0 6.2832 2 0
17 1.6000 -239.3900 1020.2708 0 0 6.2832 2 0
17 1.6000 -228.7900 1020.2623 0 0 6.2832 2 0
18 -2.6000 -239.3900 1040.2708 0 0 6.2832 2 0
18 -2.6000 -228.7900 1040.2623 0 0 6.2832 2 0
18 -4.8000 -228.7900 1060.2623 0 0 6.2832 2 0
17 -4.4000 -239.3900 1080.2708 0 0 6.2832 2 0
17 -4.4000 -228.7900 1100.2623 0 0 6.2832 2 0
17 -4.4000 -239.3900 1120.2708 0 0 6.2832 2 0
18 -4.4000 -239.3900 1140.2708 0 0 6.2832 2 0
18 -4.4000 -228.7900 1160.2623 0 0 6.2832 2 0
18 -4.4000 -239.3900 1180.2708 0 0 6.2832 2 0
18 -4.4000 -228.7900 1180.2623 0 0 6.2832 2 0
24 -4.4000 -239.3900 1200.2708 0 0 6.2832 2 0
18 -4.4000 -230.3764 1222.0232 0 0 7.0686 2 0
18 -4.4000 -222.8871 1214.5219 0 0 7.0686 2 0
18 -4.4000 -216.2343 1236.1654 0 0 7.0686 2 0
18 -4.4000 -208.7449 1228.6641 0 0 7.0686 2 0
18 -4.4000 -206.9893 1248.4931 0 0 6.2832 2 0
17 -4.4000 -196.3893 1248.4847 0 0 6.2832 2 0
18 -4.4000 -206.9893 1268.4931 0 0 6.2832 2 0
18 -4.4000 -196.3893 1268.4847 0 0 6.2832 2 0
18 -4.4000 -196.3893 1288.4847 0 0 6.2832 2 0
18 -4.4000 -206.9893 1308.4931 0 0 6.2832 2 0
17 -4.4000 -196.3893 1308.4847 0 0 6.2832 2 0
17 -4.4000 -206.9893 1328.4931 0 0 6.2832 2 0
18 -4.4000 -206.9893 1348.4931 0 0 6.2832 2 0
17 -4.4000 -196.3893 1348.4847 0 0 6.2832 2 0
17 -4.4000 -197.9757 1370.2456 0 0 7.0686 2 0
17 -4.4000 -190.4864 1362.7443 0 0 7.0686 2 0
19 -4.4000 -176.2207 1379.4534 0 0 -4.7124 2 0
17 -4.4000 -154.4684 1370.2398 0 0 8.6394 2 0
18 -4.4000 -161.9697 1362.7505 0 0 8.6394 2 0
17 -4.6000 -156.0606 1348.4934 0 0 9.4248 2 0
17 -3.0000 -145.4606 1328.4850 0 0 9.4248 2 0
17 -3.0000 -156.0606 1328.4934 0 0 9.4248 2 0
17 -1.4000 -145.4606 1308.4850 0 0 9.4248 2 0
18 -1.4000 -156.0606 1308.4934 0 0 9.4248 2 0
17 -1.2000 -163.4971 1290.4569 0 0 10.9956 2 0
17 -1.2000 -163.4887 1301.0569 0 0 10.9956 2 0
17 -1.4000 -181.5252 1308.4934 0 0 12.5664 2 0
18 -1.4000 -170.9252 1308.4850 0 0 12.5664 2 0
18 2.0000 -181.5251 1468.4934 0 0 12.5664 2 0
18 2.0000 -170.9251 1468.4850 0 0 12.5664 2 0
18 2.0000 -181.5251 1488.4934 0 0 12.5664 2 0
