ambient 0.5
headlight 0.2
directional 0.6
lightdir -1.0 1.0 1.0
background 190 200 225
clfactors 1.0 1.0 1.0
objtypes 49
data/steer.geo data/steer.col data/noref.ref data/nocl.cld
data/speed.geo data/speed.col data/noref.ref data/nocl.cld
data/dmod.geo data/dmod.col data/noref.ref data/nocl.cld
data/roads.geo data/roads.col data/roads.ref data/road.cld
data/roadlw.geo data/road.col data/roadlw.ref data/road.cld
data/roadln.geo data/road.col data/roadln.ref data/road.cld
data/roadrw.geo data/road.col data/roadrw.ref data/road.cld
data/roadrn.geo data/road.col data/roadrn.ref data/road.cld
data/road25.geo data/road.col data/road25.ref data/road.cld
data/road50.geo data/road.col data/road50.ref data/road.cld
data/road75.geo data/road.col data/road75.ref data/road.cld
data/tunnb.geo data/tunnb.col data/tunnb.ref data/tunnb.cld
data/tunn.geo data/tunn.col data/tunn.ref data/tunn.cld
data/bridgec.geo data/bridgec.col data/bridgstr.ref data/bridgec.cld
data/bridges.geo data/bridges.col data/bridges.ref data/bridges.cld
data/start.geo data/start.col data/start.ref data/nocl.cld
data/tree1.geo data/tree1.col data/tree.ref data/tree.cld
data/tree2.geo data/tree2.col data/tree.ref data/tree.cld
data/gblock1.geo data/gblock1.col data/noref.ref data/gblock1.cld
data/gblock2.geo data/gblock2.col data/noref.ref data/gblock2.cld
data/trs.geo data/trs.col data/trs.ref data/trs.cld
data/wind.geo data/wind.col data/wind.ref data/wind.cld
data/prop.geo data/prop.col data/noref.ref data/nocl.cld
data/tree3.geo data/tree3.col data/tree.ref data/nocl.cld
data/glider.geo data/glider.col data/noref.ref data/nocl.cld
data/bridgescl.geo data/bridges.col data/bridgec.ref data/bridgescl.cld
data/loop4r.geo data/loopblue.col data/loop4r.ref data/loop4r.cld
data/loop2r.geo data/loopgreen.col data/loop2r.ref data/loop2r.cld
data/loop1r.geo data/loopred.col data/loop1r.ref data/loop1r.cld
data/loop4l.geo data/loopblue.col data/loop4l.ref data/loop4l.cld
data/loop2l.geo data/loopgreen.col data/loop2l.ref data/loop2l.cld
data/loop1l.geo data/loopred.col data/loop1l.ref data/loop1l.cld
data/corkl.geo data/cork.col data/corkl.ref data/corkl.cld
data/corkr.geo data/cork.col data/corkr.ref data/corkr.cld
data/road11.geo data/road.col data/road11.ref data/road.cld
data/road12.geo data/road.col data/road12.ref data/road.cld
data/roadhill.geo data/roadhill.col data/roads.ref data/roadhill.cld
data/roadhl25.geo data/road.col data/roadhl25.ref data/road.cld
data/roadhr25.geo data/road.col data/roadhr25.ref data/road.cld
data/roadhl50.geo data/road.col data/roadhl50.ref data/road.cld
data/roadhr50.geo data/road.col data/roadhr50.ref data/road.cld
data/roadhl75.geo data/road.col data/roadhl75.ref data/road.cld
data/roadhr75.geo data/road.col data/roadhr75.ref data/road.cld
data/wroads.geo data/wroads.col data/wroads.ref data/wroad.cld
data/wroadl.geo data/wroad.col data/wroadl.ref data/wroad.cld
data/roadch.geo data/roadch.col data/roadch.ref data/roadch.cld
data/ter.geo data/ter.col data/ter.ref data/ter.cld
data/ter1.geo data/ter1.col data/ter1.ref data/ter1.cld
data/ter2.geo data/ter2.col data/ter2.ref data/ter2.cld
objects 453
16 -1.2000 0.0000 20.0000 0 0 0.0000 2 0
21 -1.2000 0.0000 0.0000 0 0 3.1416 5 0
4 -1.2000 0.0000 0.0000 0 0 -0.0000 1 0
4 -1.2000 0.0000 10.0000 0 0 -0.0000 1 0
4 -1.2000 0.0000 20.0000 0 0 -0.0000 1 0
4 -1.2000 0.0000 30.0000 0 0 -0.0000 1 0
4 -1.2000 0.0000 40.0000 0 0 -0.0000 1 0
4 -1.2000 0.0000 50.0000 0 0 -0.0000 1 0
4 -1.2000 0.0000 60.0000 0 0 -0.0000 1 0
4 -1.2000 0.0000 70.0000 0 0 -0.0000 1 0
4 -1.2000 0.0000 80.0000 0 0 -0.0000 1 0
4 -1.2000 0.0000 90.0000 0 0 -0.0000 1 0
4 -1.2000 0.0000 100.0000 0 0 -0.0000 1 0
4 -1.2000 0.0000 110.0000 0 0 -0.0000 1 0
4 -1.2000 0.0000 120.0000 0 0 -0.0000 1 0
4 -1.2000 0.0000 130.0000 0 0 -0.0000 1 0
4 -1.2000 0.0000 140.0000 0 0 -0.0000 1 0
4 -1.2000 0.0000 150.0000 0 0 -0.0000 1 0
4 -1.2000 0.0000 160.0000 0 0 -0.0000 1 0
4 -1.2000 0.0000 170.0000 0 0 -0.0000 1 0
4 -1.2000 0.0000 180.0000 0 0 -0.0000 1 0
4 -1.2000 0.0000 190.0000 0 0 -0.0000 1 0
9 -1.2000 0.0000 200.0000 0 0 -0.0000 1 0
46 -0.4000 0.0000 210.0000 0 0 -0.0000 1 0
44 -0.4000 0.0000 220.0000 0 0 -0.0000 1 0
44 -0.4000 0.0000 230.0000 0 0 -0.0000 1 0
44 -0.4000 0.0000 240.0000 0 0 -0.0000 1 0
44 -0.4000 0.0000 250.0000 0 0 -0.0000 1 0
44 -0.4000 0.0000 260.0000 0 0 -0.0000 1 0
44 -0.4000 0.0000 270.0000 0 0 -0.0000 1 0
44 -0.4000 0.0000 280.0000 0 0 -0.0000 1 0
44 -0.4000 0.0000 290.0000 0 0 -0.0000 1 0
44 -0.4000 0.0000 300.0000 0 0 -0.0000 1 0
44 -0.4000 0.0000 310.0000 0 0 -0.0000 1 0
44 -0.4000 0.0000 320.0000 0 0 -0.0000 1 0
44 -0.4000 0.0000 330.0000 0 0 -0.0000 1 0
44 -0.4000 0.0000 340.0000 0 0 -0.0000 1 0
44 -0.4000 0.0000 350.0000 0 0 -0.0000 1 0
44 -0.4000 0.0000 360.0000 0 0 -0.0000 1 0
44 -0.4000 0.0000 370.0000 0 0 -0.0000 1 0
44 -0.4000 0.0000 380.0000 0 0 -0.0000 1 0
44 -0.4000 0.0000 390.0000 0 0 -0.0000 1 0
44 -0.4000 0.0000 400.0000 0 0 -0.0000 1 0
44 -0.4000 0.0000 410.0000 0 0 -0.0000 1 0
44 -0.4000 0.0000 420.0000 0 0 -0.0000 1 0
44 -0.4000 0.0000 430.0000 0 0 -0.0000 1 0
44 -0.4000 0.0000 440.0000 0 0 -0.0000 1 0
44 -0.4000 0.0000 450.0000 0 0 -0.0000 1 0
44 -0.4000 0.0000 460.0000 0 0 -0.0000 1 0
44 -0.4000 0.0000 470.0000 0 0 -0.0000 1 0
44 -0.4000 0.0000 480.0000 0 0 -0.0000 1 0
44 -0.4000 0.0000 490.0000 0 0 -0.0000 1 0
44 -0.4000 0.0000 500.0000 0 0 -0.0000 1 0
44 -0.4000 0.0000 510.0000 0 0 -0.0000 1 0
44 -0.4000 0.0000 520.0000 0 0 -0.0000 1 0
44 -0.4000 0.0000 530.0000 0 0 -0.0000 1 0
44 -0.4000 0.0000 540.0000 0 0 -0.0000 1 0
44 -0.4000 0.0000 550.0000 0 0 -0.0000 1 0
44 -0.4000 0.0000 560.0000 0 0 -0.0000 1 0
44 -0.4000 0.0000 570.0000 0 0 -0.0000 1 0
44 -0.4000 0.0000 580.0000 0 0 -0.0000 1 0
44 -0.4000 0.0000 590.0000 0 0 -0.0000 1 0
44 -0.4000 0.0000 600.0000 0 0 -0.0000 1 0
44 -0.4000 0.0000 610.0000 0 0 -0.0000 1 0
44 -0.4000 0.0000 620.0000 0 0 -0.0000 1 0
44 -0.4000 0.0000 630.0000 0 0 -0.0000 1 0
44 -0.4000 0.0000 640.0000 0 0 -0.0000 1 0
44 -0.4000 0.0000 650.0000 0 0 -0.0000 1 0
44 -0.4000 0.0000 660.0000 0 0 -0.0000 1 0
44 -0.4000 0.0000 670.0000 0 0 -0.0000 1 0
44 -0.4000 0.0000 680.0000 0 0 -0.0000 1 0
44 -0.4000 0.0000 690.0000 0 0 -0.0000 1 0
44 -0.4000 0.0000 700.0000 0 0 -0.0000 1 0
44 -0.4000 0.0000 710.0000 0 0 -0.0000 1 0
44 -0.4000 0.0000 720.0000 0 0 -0.0000 1 0
44 -0.4000 0.0000 730.0000 0 0 -0.0000 1 0
44 -0.4000 0.0000 740.0000 0 0 -0.0000 1 0
44 -0.4000 0.0000 750.0000 0 0 -0.0000 1 0
44 -0.4000 0.0000 760.0000 0 0 -0.0000 1 0
44 -0.4000 0.0000 770.0000 0 0 -0.0000 1 0
44 -0.4000 0.0000 780.0000 0 0 -0.0000 1 0
44 -0.4000 0.0000 790.0000 0 0 -0.0000 1 0
44 -0.4000 0.0000 800.0000 0 0 -0.0000 1 0
44 -0.4000 0.0000 810.0000 0 0 -0.0000 1 0
44 -0.4000 0.0000 820.0000 0 0 -0.0000 1 0
44 -0.4000 0.0000 830.0000 0 0 -0.0000 1 0
44 -0.4000 0.0000 840.0000 0 0 -0.0000 1 0
44 -0.4000 0.0000 850.0000 0 0 -0.0000 1 0
44 -0.4000 0.0000 860.0000 0 0 -0.0000 1 0
44 -0.4000 0.0000 870.0000 0 0 -0.0000 1 0
44 -0.4000 0.0000 880.0000 0 0 -0.0000 1 0
44 -0.4000 0.0000 890.0000 0 0 -0.0000 1 0
44 -0.4000 0.0000 900.0000 0 0 -0.0000 1 0
44 -0.4000 0.0000 910.0000 0 0 -0.0000 1 0
44 -0.4000 0.0000 920.0000 0 0 -0.0000 1 0
44 -0.4000 0.0000 930.0000 0 0 -0.0000 1 0
44 -0.4000 0.0000 940.0000 0 0 -0.0000 1 0
44 -0.4000 0.0000 950.0000 0 0 -0.0000 1 0
44 -0.4000 0.0000 960.0000 0 0 -0.0000 1 0
44 -0.4000 0.0000 970.0000 0 0 -0.0000 1 0
44 -0.4000 0.0000 980.0000 0 0 -0.0000 1 0
44 -0.4000 0.0000 990.0000 0 0 -0.0000 1 0
44 -0.4000 0.0000 1000.0000 0 0 -0.0000 1 0
44 -0.4000 0.0000 1010.0000 0 0 -0.0000 1 0
44 -0.4000 0.0000 1020.0000 0 0 -0.0000 1 0
44 -0.4000 0.0000 1030.0000 0 0 -0.0000 1 0
44 -0.4000 0.0000 1040.0000 0 0 -0.0000 1 0
44 -0.4000 0.0000 1050.0000 0 0 -0.0000 1 0
44 -0.4000 0.0000 1060.0000 0 0 -0.0000 1 0
44 -0.4000 0.0000 1070.0000 0 0 -0.0000 1 0
44 -0.4000 0.0000 1080.0000 0 0 -0.0000 1 0
44 -0.4000 0.0000 1090.0000 0 0 -0.0000 1 0
44 -0.4000 0.0000 1100.0000 0 0 -0.0000 1 0
44 -0.4000 0.0000 1110.0000 0 0 -0.0000 1 0
44 -0.4000 0.0000 1120.0000 0 0 -0.0000 1 0
44 -0.4000 0.0000 1130.0000 0 0 -0.0000 1 0
44 -0.4000 0.0000 1140.0000 0 0 -0.0000 1 0
44 -0.4000 0.0000 1150.0000 0 0 -0.0000 1 0
44 -0.4000 0.0000 1160.0000 0 0 -0.0000 1 0
44 -0.4000 0.0000 1170.0000 0 0 -0.0000 1 0
44 -0.4000 0.0000 1180.0000 0 0 -0.0000 1 0
44 -0.4000 0.0000 1190.0000 0 0 -0.0000 1 0
44 -0.4000 0.0000 1200.0000 0 0 -0.0000 1 0
44 -0.4000 0.0000 1210.0000 0 0 -0.0000 1 0
44 -0.4000 0.0000 1220.0000 0 0 -0.0000 1 0
44 -0.4000 0.0000 1230.0000 0 0 -0.0000 1 0
44 -0.4000 0.0000 1240.0000 0 0 -0.0000 1 0
44 -0.4000 0.0000 1250.0000 0 0 -0.0000 1 0
44 -0.4000 0.0000 1260.0000 0 0 -0.0000 1 0
44 -0.4000 0.0000 1270.0000 0 0 -0.0000 1 0
44 -0.4000 0.0000 1280.0000 0 0 -0.0000 1 0
44 -0.4000 0.0000 1290.0000 0 0 -0.0000 1 0
44 -0.4000 0.0000 1300.0000 0 0 -0.0000 1 0
44 -0.4000 0.0000 1310.0000 0 0 -0.0000 1 0
44 -0.4000 0.0000 1320.0000 0 0 -0.0000 1 0
44 -0.4000 0.0000 1330.0000 0 0 -0.0000 1 0
44 -0.4000 0.0000 1340.0000 0 0 -0.0000 1 0
44 -0.4000 0.0000 1350.0000 0 0 -0.0000 1 0
44 -0.4000 0.0000 1360.0000 0 0 -0.0000 1 0
44 -0.4000 0.0000 1370.0000 0 0 -0.0000 1 0
44 -0.4000 0.0000 1380.0000 0 0 -0.0000 1 0
44 -0.4000 0.0000 1390.0000 0 0 -0.0000 1 0
44 -0.4000 0.0000 1400.0000 0 0 -0.0000 1 0
44 -0.4000 0.0000 1410.0000 0 0 -0.0000 1 0
44 -0.4000 0.0000 1420.0000 0 0 -0.0000 1 0
44 -0.4000 0.0000 1430.0000 0 0 -0.0000 1 0
44 -0.4000 0.0000 1440.0000 0 0 -0.0000 1 0
44 -0.4000 0.0000 1450.0000 0 0 -0.0000 1 0
44 -0.4000 0.0000 1460.0000 0 0 -0.0000 1 0
44 -0.4000 0.0000 1470.0000 0 0 -0.0000 1 0
44 -0.4000 0.0000 1480.0000 0 0 -0.0000 1 0
44 -0.4000 0.0000 1490.0000 0 0 -0.0000 1 0
44 -0.4000 0.0000 1500.0000 0 0 -0.0000 1 0
44 -0.4000 0.0000 1510.0000 0 0 -0.0000 1 0
44 -0.4000 0.0000 1520.0000 0 0 -0.0000 1 0
44 -0.4000 0.0000 1530.0000 0 0 -0.0000 1 0
44 -0.4000 0.0000 1540.0000 0 0 -0.0000 1 0
44 -0.4000 0.0000 1550.0000 0 0 -0.0000 1 0
44 -0.4000 0.0000 1560.0000 0 0 -0.0000 1 0
44 -0.4000 0.0000 1570.0000 0 0 -0.0000 1 0
44 -0.4000 0.0000 1580.0000 0 0 -0.0000 1 0
44 -0.4000 0.0000 1590.0000 0 0 -0.0000 1 0
44 -0.4000 0.0000 1600.0000 0 0 -0.0000 1 0
44 -0.4000 0.0000 1610.0000 0 0 -0.0000 1 0
44 -0.4000 0.0000 1620.0000 0 0 -0.0000 1 0
44 -0.4000 0.0000 1630.0000 0 0 -0.0000 1 0
44 -0.4000 0.0000 1640.0000 0 0 -0.0000 1 0
44 -0.4000 0.0000 1650.0000 0 0 -0.0000 1 0
44 -0.4000 0.0000 1660.0000 0 0 -0.0000 1 0
44 -0.4000 0.0000 1670.0000 0 0 -0.0000 1 0
44 -0.4000 0.0000 1680.0000 0 0 -0.0000 1 0
44 -0.4000 0.0000 1690.0000 0 0 -0.0000 1 0
44 -0.4000 0.0000 1700.0000 0 0 -0.0000 1 0
44 -0.4000 0.0000 1710.0000 0 0 -0.0000 1 0
44 -0.4000 0.0000 1720.0000 0 0 -0.0000 1 0
44 -0.4000 0.0000 1730.0000 0 0 -0.0000 1 0
44 -0.4000 0.0000 1740.0000 0 0 -0.0000 1 0
44 -0.4000 0.0000 1750.0000 0 0 -0.0000 1 0
44 -0.4000 0.0000 1760.0000 0 0 -0.0000 1 0
44 -0.4000 0.0000 1770.0000 0 0 -0.0000 1 0
44 -0.4000 0.0000 1780.0000 0 0 -0.0000 1 0
44 -0.4000 0.0000 1790.0000 0 0 -0.0000 1 0
44 -0.4000 0.0000 1800.0000 0 0 -0.0000 1 0
44 -0.4000 0.0000 1810.0000 0 0 -0.0000 1 0
44 -0.4000 0.0000 1820.0000 0 0 -0.0000 1 0
44 -0.4000 0.0000 1830.0000 0 0 -0.0000 1 0
44 -0.4000 0.0000 1840.0000 0 0 -0.0000 1 0
44 -0.4000 0.0000 1850.0000 0 0 -0.0000 1 0
44 -0.4000 0.0000 1860.0000 0 0 -0.0000 1 0
44 -0.4000 0.0000 1870.0000 0 0 -0.0000 1 0
44 -0.4000 0.0000 1880.0000 0 0 -0.0000 1 0
44 -0.4000 0.0000 1890.0000 0 0 -0.0000 1 0
44 -0.4000 0.0000 1900.0000 0 0 -0.0000 1 0
44 -0.4000 0.0000 1910.0000 0 0 -0.0000 1 0
44 -0.4000 0.0000 1920.0000 0 0 -0.0000 1 0
44 -0.4000 0.0000 1930.0000 0 0 -0.0000 1 0
44 -0.4000 0.0000 1940.0000 0 0 -0.0000 1 0
44 -0.4000 0.0000 1950.0000 0 0 -0.0000 1 0
44 -0.4000 0.0000 1960.0000 0 0 -0.0000 1 0
44 -0.4000 0.0000 1970.0000 0 0 -0.0000 1 0
44 -0.4000 0.0000 1980.0000 0 0 -0.0000 1 0
44 -0.4000 0.0000 1990.0000 0 0 -0.0000 1 0
44 -0.4000 0.0000 2000.0000 0 0 -0.0000 1 0
44 -0.4000 0.0000 2010.0000 0 0 -0.0000 1 0
46 -0.4000 0.0000 2030.0000 0 0 3.1416 1 0
12 -0.4000 0.0000 2030.0000 0 0 -0.0000 1 0
12 -0.4000 0.0000 2050.0000 0 0 3.1416 1 0
46 -0.4000 0.0000 2050.0000 0 0 -0.0000 1 0
44 -0.4000 0.0000 2060.0000 0 0 -0.0000 1 0
44 -0.4000 0.0000 2070.0000 0 0 -0.0000 1 0
44 -0.4000 0.0000 2080.0000 0 0 -0.0000 1 0
44 -0.4000 0.0000 2090.0000 0 0 -0.0000 1 0
44 -0.4000 0.0000 2100.0000 0 0 -0.0000 1 0
44 -0.4000 0.0000 2110.0000 0 0 -0.0000 1 0
44 -0.4000 0.0000 2120.0000 0 0 -0.0000 1 0
44 -0.4000 0.0000 2130.0000 0 0 -0.0000 1 0
44 -0.4000 0.0000 2140.0000 0 0 -0.0000 1 0
44 -0.4000 0.0000 2150.0000 0 0 -0.0000 1 0
44 -0.4000 0.0000 2160.0000 0 0 -0.0000 1 0
44 -0.4000 0.0000 2170.0000 0 0 -0.0000 1 0
44 -0.4000 0.0000 2180.0000 0 0 -0.0000 1 0
44 -0.4000 0.0000 2190.0000 0 0 -0.0000 1 0
46 -0.4000 0.0000 2210.0000 0 0 3.1416 1 0
14 -0.4000 0.0000 2210.0000 0 0 -0.0000 1 0
26 2.0000 0.0000 2220.0000 0 0 -0.0000 1 0
15 4.4000 0.0000 2230.0000 0 0 -0.0000 1 0
15 4.4000 0.0000 2240.0000 0 0 -0.0000 1 0
15 4.4000 0.0000 2250.0000 0 0 -0.0000 1 0
15 4.4000 0.0000 2260.0000 0 0 -0.0000 1 0
15 4.4000 0.0000 2270.0000 0 0 -0.0000 1 0
15 4.4000 0.0000 2280.0000 0 0 -0.0000 1 0
15 4.4000 0.0000 2290.0000 0 0 -0.0000 1 0
26 2.0000 0.0000 2310.0000 0 0 3.1416 1 0
14 -0.4000 0.0000 2320.0000 0 0 3.1416 1 0
7 -0.4000 0.0000 2320.0000 0 0 -0.0000 1 0
46 -0.4000 1.9383 2329.7448 0 0 -0.3927 1 0
44 -0.4000 5.7651 2338.9836 0 0 -0.3927 1 0
44 -0.4000 9.5920 2348.2224 0 0 -0.3927 1 0
44 -0.4000 13.4188 2357.4612 0 0 -0.3927 1 0
44 -0.4000 17.2456 2366.7000 0 0 -0.3927 1 0
45 -0.4000 26.5924 2384.2000 0 0 2.3562 1 0
45 -0.4000 34.8536 2389.7201 0 0 1.9635 1 0
45 -0.4000 44.5984 2391.6585 0 0 1.5708 1 0
45 -0.4000 54.3432 2389.7202 0 0 1.1781 1 0
45 -0.4000 62.6044 2384.2003 0 0 0.7854 1 0
45 -0.4000 68.1245 2375.9391 0 0 0.3927 1 0
45 -0.4000 70.0629 2366.1943 0 0 -0.0000 1 0
45 -0.4000 68.1246 2356.4495 0 0 -0.3927 1 0
45 -0.4000 62.6047 2348.1882 0 0 -0.7854 1 0
44 -0.4000 62.6047 2348.1882 0 0 -3.9270 1 0
44 -0.4000 55.5336 2341.1171 0 0 -3.9270 1 0
44 -0.4000 48.4625 2334.0461 0 0 -3.9270 1 0
44 -0.4000 41.3914 2326.9750 0 0 -3.9270 1 0
44 -0.4000 34.3204 2319.9040 0 0 -3.9270 1 0
44 -0.4000 27.2493 2312.8329 0 0 -3.9270 1 0
44 -0.4000 20.1782 2305.7618 0 0 -3.9270 1 0
44 -0.4000 13.1072 2298.6908 0 0 -3.9270 1 0
44 -0.4000 6.0361 2291.6197 0 0 -3.9270 1 0
44 -0.4000 -1.0350 2284.5486 0 0 -3.9270 1 0
44 -0.4000 -8.1060 2277.4776 0 0 -3.9270 1 0
44 -0.4000 -15.1771 2270.4065 0 0 -3.9270 1 0
44 -0.4000 -22.2482 2263.3354 0 0 -3.9270 1 0
44 -0.4000 -29.3192 2256.2644 0 0 -3.9270 1 0
44 -0.4000 -36.3903 2249.1933 0 0 -3.9270 1 0
44 -0.4000 -43.4614 2242.1222 0 0 -3.9270 1 0
44 -0.4000 -50.5324 2235.0512 0 0 -3.9270 1 0
44 -0.4000 -57.6035 2227.9801 0 0 -3.9270 1 0
44 -0.4000 -64.6746 2220.9090 0 0 -3.9270 1 0
44 -0.4000 -71.7457 2213.8380 0 0 -3.9270 1 0
44 -0.4000 -78.8167 2206.7669 0 0 -3.9270 1 0
44 -0.4000 -85.8878 2199.6958 0 0 -3.9270 1 0
44 -0.4000 -92.9589 2192.6248 0 0 -3.9270 1 0
44 -0.4000 -100.0299 2185.5537 0 0 -3.9270 1 0
44 -0.4000 -107.1010 2178.4826 0 0 -3.9270 1 0
44 -0.4000 -114.1721 2171.4116 0 0 -3.9270 1 0
44 -0.4000 -121.2431 2164.3405 0 0 -3.9270 1 0
44 -0.4000 -128.3142 2157.2694 0 0 -3.9270 1 0
44 -0.4000 -135.3853 2150.1984 0 0 -3.9270 1 0
44 -0.4000 -142.4563 2143.1273 0 0 -3.9270 1 0
44 -0.4000 -149.5274 2136.0562 0 0 -3.9270 1 0
44 -0.4000 -156.5985 2128.9852 0 0 -3.9270 1 0
44 -0.4000 -163.6696 2121.9141 0 0 -3.9270 1 0
44 -0.4000 -170.7406 2114.8430 0 0 -3.9270 1 0
44 -0.4000 -177.8117 2107.7720 0 0 -3.9270 1 0
44 -0.4000 -184.8828 2100.7009 0 0 -3.9270 1 0
44 -0.4000 -191.9538 2093.6298 0 0 -3.9270 1 0
44 -0.4000 -199.0249 2086.5588 0 0 -3.9270 1 0
44 -0.4000 -206.0960 2079.4877 0 0 -3.9270 1 0
44 -0.4000 -213.1670 2072.4166 0 0 -3.9270 1 0
44 -0.4000 -220.2381 2065.3456 0 0 -3.9270 1 0
44 -0.4000 -227.3092 2058.2745 0 0 -3.9270 1 0
44 -0.4000 -234.3802 2051.2034 0 0 -3.9270 1 0
44 -0.4000 -241.4513 2044.1324 0 0 -3.9270 1 0
44 -0.4000 -248.5224 2037.0613 0 0 -3.9270 1 0
44 -0.4000 -255.5935 2029.9902 0 0 -3.9270 1 0
44 -0.4000 -262.6645 2022.9192 0 0 -3.9270 1 0
44 -0.4000 -269.7356 2015.8481 0 0 -3.9270 1 0
44 -0.4000 -276.8067 2008.7770 0 0 -3.9270 1 0
44 -0.4000 -283.8777 2001.7060 0 0 -3.9270 1 0
46 -0.4000 -298.0199 1987.5638 0 0 -0.7854 1 0
4 -0.4000 -298.0199 1987.5638 0 0 -3.9270 1 0
4 -0.4000 -305.0909 1980.4928 0 0 -3.9270 1 0
4 -0.4000 -312.1620 1973.4217 0 0 -3.9270 1 0
4 -0.4000 -319.2331 1966.3506 0 0 -3.9270 1 0
4 -0.4000 -326.3041 1959.2796 0 0 -3.9270 1 0
4 -0.4000 -333.3752 1952.2085 0 0 -3.9270 1 0
4 -0.4000 -340.4463 1945.1374 0 0 -3.9270 1 0
4 -0.4000 -347.5174 1938.0664 0 0 -3.9270 1 0
4 -0.4000 -354.5884 1930.9953 0 0 -3.9270 1 0
4 -0.4000 -361.6595 1923.9242 0 0 -3.9270 1 0
21 -0.4000 -368.7306 1916.8532 0 0 -3.9270 5 0
16 -0.4000 -354.5884 1930.9953 0 0 -3.9270 2 0
18 -1.2000 -5.3000 40.0042 0 0 0.0000 2 0
24 -1.2000 -5.3000 60.0042 0 0 0.0000 2 0
18 -1.2000 -5.3000 120.0042 0 0 0.0000 2 0
18 -1.2000 -5.3000 140.0042 0 0 0.0000 2 0
20 -1.2000 35.0000 139.9721 0 0 -0.0000 2 0
18 -1.2000 5.3000 159.9958 0 0 0.0000 2 0
24 -1.2000 -5.3000 180.0042 0 0 0.0000 2 0
17 -1.4000 5.3000 199.9958 0 0 0.0000 2 0
18 -0.4000 -7.8000 240.0062 0 0 0.0000 2 0
17 -0.4000 7.8000 239.9938 0 0 0.0000 2 0
17 -0.4000 -7.8000 280.0062 0 0 0.0000 2 0
18 -0.4000 -7.8000 300.0062 0 0 0.0000 2 0
20 -0.4000 37.5000 299.9701 0 0 -0.0000 2 0
18 -0.4000 -7.8000 340.0062 0 0 0.0000 2 0
18 -0.4000 7.8000 339.9938 0 0 0.0000 2 0
18 -0.4000 -7.8000 360.0062 0 0 0.0000 2 0
18 -0.4000 7.8000 359.9938 0 0 0.0000 2 0
18 -0.4000 7.8000 379.9938 0 0 0.0000 2 0
17 -0.4000 -7.8000 400.0062 0 0 0.0000 2 0
24 -0.4000 7.8000 439.9938 0 0 0.0000 2 0
17 -0.4000 7.8000 459.9938 0 0 0.0000 2 0
19 -0.4000 -37.5000 480.0299 0 0 3.1416 2 0
24 -0.4000 7.8000 499.9938 0 0 0.0000 2 0
24 -0.4000 -7.8000 520.0062 0 0 0.0000 2 0
17 -0.4000 7.8000 519.9938 0 0 0.0000 2 0
18 -0.4000 -7.8000 560.0062 0 0 0.0000 2 0
17 -0.4000 7.8000 559.9938 0 0 0.0000 2 0
18 -0.4000 -7.8000 600.0062 0 0 0.0000 2 0
18 -0.4000 7.8000 619.9938 0 0 0.0000 2 0
17 -0.4000 -7.8000 640.0062 0 0 0.0000 2 0
24 -0.4000 7.8000 639.9938 0 0 0.0000 2 0
17 -0.4000 -7.8000 660.0062 0 0 0.0000 2 0
17 -0.4000 7.8000 679.9938 0 0 0.0000 2 0
18 -0.4000 -7.8000 700.0062 0 0 0.0000 2 0
17 -0.4000 -7.8000 720.0062 0 0 0.0000 2 0
20 -0.4000 37.5000 719.9701 0 0 -0.0000 2 0
18 -0.4000 7.8000 739.9938 0 0 0.0000 2 0
17 -0.4000 7.8000 759.9938 0 0 0.0000 2 0
17 -0.4000 -7.8000 780.0062 0 0 0.0000 2 0
20 -0.4000 37.5000 779.9701 0 0 -0.0000 2 0
18 -0.4000 -7.8000 800.0062 0 0 0.0000 2 0
17 -0.4000 7.8000 799.9938 0 0 0.0000 2 0
18 -0.4000 -7.8000 840.0062 0 0 0.0000 2 0
18 -0.4000 -7.8000 860.0062 0 0 0.0000 2 0
17 -0.4000 7.8000 859.9938 0 0 0.0000 2 0
18 -0.4000 -7.8000 880.0062 0 0 0.0000 2 0
17 -0.4000 -7.8000 900.0062 0 0 0.0000 2 0
18 -0.4000 7.8000 1059.9938 0 0 0.0000 2 0
18 -0.4000 -7.8000 1100.0062 0 0 0.0000 2 0
20 -0.4000 37.5000 1099.9701 0 0 -0.0000 2 0
24 -0.4000 -7.8000 1120.0062 0 0 0.0000 2 0
18 -0.4000 7.8000 1139.9938 0 0 0.0000 2 0
20 -0.4000 37.5000 1179.9701 0 0 -0.0000 2 0
20 -0.4000 -37.5000 1200.0299 0 0 3.1416 2 0
17 -0.4000 7.8000 1199.9938 0 0 0.0000 2 0
17 -0.4000 -7.8000 1220.0062 0 0 0.0000 2 0
18 -0.4000 7.8000 1259.9938 0 0 0.0000 2 0
18 -0.4000 -7.8000 1280.0062 0 0 0.0000 2 0
17 -0.4000 7.8000 1279.9938 0 0 0.0000 2 0
18 -0.4000 7.8000 1299.9938 0 0 0.0000 2 0
17 -0.4000 7.8000 1339.9938 0 0 0.0000 2 0
17 -0.4000 7.8000 1359.9938 0 0 0.0000 2 0
18 -0.4000 7.8000 1379.9938 0 0 0.0000 2 0
24 -0.4000 -7.8000 1400.0062 0 0 0.0000 2 0
17 -0.4000 7.8000 1399.9938 0 0 0.0000 2 0
18 -0.4000 -7.8000 1420.0062 0 0 0.0000 2 0
19 -0.4000 37.5000 1419.9701 0 0 -0.0000 2 0
17 -0.4000 -7.8000 1440.0062 0 0 0.0000 2 0
18 -0.4000 7.8000 1439.9938 0 0 0.0000 2 0
18 -0.4000 -7.8000 1460.0062 0 0 0.0000 2 0
18 -0.4000 7.8000 1459.9938 0 0 0.0000 2 0
17 -0.4000 -7.8000 1480.0062 0 0 0.0000 2 0
18 -0.4000 7.8000 1539.9938 0 0 0.0000 2 0
18 -0.4000 7.8000 1579.9938 0 0 0.0000 2 0
18 -0.4000 -7.8000 1600.0062 0 0 0.0000 2 0
17 -0.4000 -7.8000 1620.0062 0 0 0.0000 2 0
17 -0.4000 7.8000 1619.9938 0 0 0.0000 2 0
24 -0.4000 7.8000 1659.9938 0 0 0.0000 2 0
18 -0.4000 -7.8000 1680.0062 0 0 0.0000 2 0
18 -0.4000 -7.8000 1700.0062 0 0 0.0000 2 0
18 -0.4000 -7.8000 1720.0062 0 0 0.0000 2 0
17 -0.4000 7.8000 1719.9938 0 0 0.0000 2 0
18 -0.4000 -7.8000 1740.0062 0 0 0.0000 2 0
18 -0.4000 -7.8000 1780.0062 0 0 0.0000 2 0
17 -0.4000 7.8000 1779.9938 0 0 0.0000 2 0
17 -0.4000 -7.8000 1800.0062 0 0 0.0000 2 0
19 -0.4000 -37.5000 1820.0299 0 0 3.1416 2 0
17 -0.4000 -7.8000 1840.0062 0 0 0.0000 2 0
24 -0.4000 7.8000 1879.9938 0 0 0.0000 2 0
17 -0.4000 7.8000 1899.9938 0 0 0.0000 2 0
17 -0.4000 -7.8000 1960.0062 0 0 0.0000 2 0
19 -0.4000 37.5000 1959.9701 0 0 -0.0000 2 0
17 -0.4000 -7.8000 2000.0062 0 0 0.0000 2 0
17 -0.4000 7.8000 1999.9938 0 0 0.0000 2 0
18 -0.4000 7.8000 2079.9938 0 0 0.0000 2 0
24 -0.4000 -7.8000 2140.0062 0 0 0.0000 2 0
17 -0.4000 7.8000 2139.9938 0 0 0.0000 2 0
17 -0.4000 -7.8000 2160.0062 0 0 0.0000 2 0
17 -0.4000 7.8000 2159.9938 0 0 0.0000 2 0
17 -0.4000 -7.8000 2180.0062 0 0 0.0000 2 0
17 -0.4000 7.8000 2179.9938 0 0 0.0000 2 0
24 -0.4000 6.2149 2360.4519 0 0 0.3927 2 0
17 -0.4000 13.8686 2378.9294 0 0 0.3927 2 0
17 -0.4000 28.2764 2372.9481 0 0 0.3927 2 0
17 -0.4000 57.3338 2396.9241 0 0 1.9635 2 0
18 -0.4000 51.3525 2382.5163 0 0 1.9635 2 0
17 -0.4000 75.3331 2378.9182 0 0 2.7489 2 0
17 -0.4000 60.9158 2372.9599 0 0 2.7489 2 0
18 -0.4000 75.3285 2353.4588 0 0 3.5343 2 0
17 -0.4000 60.9207 2359.4402 0 0 3.5343 2 0
17 -0.4000 61.0446 2335.5973 0 0 3.9270 2 0
17 -0.4000 50.0225 2346.6370 0 0 3.9270 2 0
17 -0.4000 32.7603 2307.3131 0 0 3.9270 2 0
18 -0.4000 -9.6661 2264.8867 0 0 3.9270 2 0
18 -0.4000 -20.6881 2275.9263 0 0 3.9270 2 0
18 -0.4000 -23.8082 2250.7445 0 0 3.9270 2 0
18 -0.4000 -34.8303 2261.7842 0 0 3.9270 2 0
17 -0.4000 -37.9503 2236.6024 0 0 3.9270 2 0
20 -0.4000 -69.9568 2268.6598 0 0 -3.9270 2 0
24 -0.4000 -52.0925 2222.4603 0 0 3.9270 2 0
17 -0.4000 -66.2346 2208.3181 0 0 3.9270 2 0
19 -0.4000 -98.2410 2240.3756 0 0 -3.9270 2 0
17 -0.4000 -94.5189 2180.0339 0 0 3.9270 2 0
17 -0.4000 -105.5410 2191.0735 0 0 3.9270 2 0
20 -0.4000 -87.6767 2144.8739 0 0 -0.7854 2 0
17 -0.4000 -122.8032 2151.7496 0 0 3.9270 2 0
18 -0.4000 -133.8252 2162.7892 0 0 3.9270 2 0
20 -0.4000 -115.9610 2116.5897 0 0 -0.7854 2 0
17 -0.4000 -147.9674 2148.6471 0 0 3.9270 2 0
18 -0.4000 -151.0874 2123.4653 0 0 3.9270 2 0
17 -0.4000 -162.1095 2134.5050 0 0 3.9270 2 0
17 -0.4000 -165.2296 2109.3232 0 0 3.9270 2 0
24 -0.4000 -176.2517 2120.3628 0 0 3.9270 2 0
17 -0.4000 -179.3717 2095.1811 0 0 3.9270 2 0
18 -0.4000 -190.3938 2106.2207 0 0 3.9270 2 0
17 -0.4000 -204.5359 2092.0786 0 0 3.9270 2 0
17 -0.4000 -232.8202 2063.7943 0 0 3.9270 2 0
18 -0.4000 -289.3888 2007.2258 0 0 3.9270 2 0
20 -0.4000 -287.4330 1948.6532 0 0 -0.7854 2 0
18 -0.4000 -336.7016 1941.3868 0 0 3.9270 2 0
19 -0.4000 -365.1753 1969.9059 0 0 -3.9270 2 0
