ambient 0.5
headlight 0.2
directional 0.6
lightdir -1.0 -1.0 1.0
background 130 160 200
clfactors 1.0 1.0 1.0
objtypes 36
data/steer.geo data/steer.col data/noref.ref data/nocl.cld
data/speed.geo data/speed.col data/noref.ref data/nocl.cld
data/dmod.geo data/dmod.col data/noref.ref data/nocl.cld
data/roads.geo data/roadcity.col data/roads.ref data/road.cld
data/roadlw.geo data/roadcity.col data/roadlw.ref data/road.cld
data/roadln.geo data/roadcity.col data/roadln.ref data/road.cld
data/roadrw.geo data/roadcity.col data/roadrw.ref data/road.cld
data/roadrn.geo data/roadcity.col data/roadrn.ref data/road.cld
data/road25.geo data/roadcity.col data/road25.ref data/road.cld
data/road50.geo data/roadcity.col data/road50.ref data/road.cld
data/road75.geo data/roadcity.col data/road75.ref data/road.cld
data/tunnb.geo data/tunnbcity.col data/tunnb.ref data/tunnb.cld
data/tunn.geo data/tunncity.col data/tunn.ref data/tunn.cld
data/bridgec.geo data/bridgecity.col data/bridgstr.ref data/bridgec.cld
data/bridges.geo data/bridges.col data/bridges.ref data/bridges.cld
data/start.geo data/start.col data/start.ref data/nocl.cld
data/light.geo data/lightnt.col data/tree.ref data/nocl.cld
data/tree4.geo data/tree4.col data/tree.ref data/nocl.cld
data/block1.geo data/block1nt.col data/block1.ref data/block.cld
data/block2.geo data/block2nt.col data/block2.ref data/block.cld
data/trs.geo data/trscity.col data/trs.ref data/trs.cld
data/wind.geo data/wind.col data/wind.ref data/wind.cld
data/prop.geo data/prop.col data/noref.ref data/nocl.cld
data/tree2.geo data/tree2.col data/tree.ref data/tree.cld
data/glider.geo data/glider.col data/noref.ref data/nocl.cld
data/bridgescl.geo data/bridges.col data/bridgec.ref data/bridgescl.cld
data/loop4r.geo data/loopblue.col data/loop4r.ref data/loop4r.cld
data/loop2r.geo data/loopgreen.col data/loop2r.ref data/loop2r.cld
data/loop1r.geo data/loopred.col data/loop1r.ref data/loop1r.cld
data/loop4l.geo data/loopblue.col data/loop4l.ref data/loop4l.cld
data/loop2l.geo data/loopgreen.col data/loop2l.ref data/loop2l.cld
data/loop1l.geo data/loopred.col data/loop1l.ref data/loop1l.cld
data/corkl.geo data/cork.col data/corkl.ref data/corkl.cld
data/corkr.geo data/cork.col data/corkr.ref data/corkr.cld
data/road11.geo data/roadcity.col data/road11.ref data/road.cld
data/road12.geo data/roadcity.col data/road12.ref data/road.cld
objects 412
16 -1.20 0 20 0 0 0 2 0
21 -1.2000 0.0000 0.0000 0 0 3.1416 5 0
4 -1.2000 0.0000 0.0000 0 0 -0.0000 1 0
4 -1.2000 0.0000 10.0000 0 0 -0.0000 1 0
4 -1.2000 0.0000 20.0000 0 0 -0.0000 1 0
4 -1.2000 0.0000 30.0000 0 0 -0.0000 1 0
4 -1.2000 0.0000 40.0000 0 0 -0.0000 1 0
4 -1.2000 0.0000 50.0000 0 0 -0.0000 1 0
4 -1.2000 0.0000 60.0000 0 0 -0.0000 1 0
4 -1.2000 0.0000 70.0000 0 0 -0.0000 1 0
4 -1.2000 0.0000 80.0000 0 0 -0.0000 1 0
4 -1.2000 0.0000 90.0000 0 0 -0.0000 1 0
4 -1.2000 0.0000 100.0000 0 0 -0.0000 1 0
4 -1.2000 0.0000 110.0000 0 0 -0.0000 1 0
4 -1.2000 0.0000 120.0000 0 0 -0.0000 1 0
4 -1.2000 0.0000 130.0000 0 0 -0.0000 1 0
4 -1.2000 0.0000 140.0000 0 0 -0.0000 1 0
4 -1.2000 0.0000 150.0000 0 0 -0.0000 1 0
4 -1.2000 0.0000 160.0000 0 0 -0.0000 1 0
4 -1.2000 0.0000 170.0000 0 0 -0.0000 1 0
4 -1.2000 0.0000 180.0000 0 0 -0.0000 1 0
4 -1.2000 0.0000 190.0000 0 0 -0.0000 1 0
7 -1.2000 0.0000 200.0000 0 0 -0.0000 1 0
7 -1.2000 1.9383 209.7448 0 0 -0.3927 1 0
7 -1.2000 7.4582 218.0061 0 0 -0.7854 1 0
7 -1.2000 15.7194 223.5261 0 0 -1.1781 1 0
7 -1.2000 25.4642 225.4645 0 0 -1.5708 1 0
7 -1.2000 35.2090 223.5262 0 0 -1.9635 1 0
7 -1.2000 43.4703 218.0063 0 0 -2.3562 1 0
7 -1.2000 48.9903 209.7451 0 0 -2.7489 1 0
4 -1.2000 50.9287 200.0003 0 0 -3.1416 1 0
4 -1.2000 50.9287 190.0003 0 0 -3.1416 1 0
11 -3.6000 50.9287 170.0003 0 0 -0.0000 1 0
11 -6.0000 50.9287 160.0003 0 0 -0.0000 1 0
11 -6.0000 50.9287 160.0003 0 0 -3.1416 1 0
11 -3.6000 50.9287 150.0003 0 0 -3.1416 1 0
11 -1.2000 50.9287 140.0003 0 0 -3.1416 1 0
11 1.2000 50.9287 130.0003 0 0 -3.1416 1 0
11 1.2000 50.9287 110.0003 0 0 -0.0000 1 0
11 -1.2000 50.9287 100.0003 0 0 -0.0000 1 0
11 -3.6000 50.9287 90.0003 0 0 -0.0000 1 0
11 -6.0000 50.9287 80.0003 0 0 -0.0000 1 0
11 -6.0000 50.9287 80.0003 0 0 -3.1416 1 0
11 -3.6000 50.9287 70.0003 0 0 -3.1416 1 0
11 -1.2000 50.9287 60.0003 0 0 -3.1416 1 0
11 1.2000 50.9287 50.0003 0 0 -3.1416 1 0
11 1.2000 50.9287 30.0003 0 0 -0.0000 1 0
11 -1.2000 50.9287 20.0003 0 0 -0.0000 1 0
11 -3.6000 50.9287 10.0003 0 0 -0.0000 1 0
11 -6.0000 50.9287 0.0003 0 0 -0.0000 1 0
11 -6.0000 50.9287 0.0003 0 0 -3.1416 1 0
11 -3.6000 50.9287 -9.9997 0 0 -3.1416 1 0
4 -1.2000 50.9287 -19.9997 0 0 -3.1416 1 0
4 -1.2000 50.9287 -29.9997 0 0 -3.1416 1 0
6 -1.2000 50.9287 -39.9997 0 0 -3.1416 1 0
6 -1.2000 54.6579 -49.0028 0 0 -2.3562 1 0
6 -1.2000 63.6610 -52.7320 0 0 -1.5708 1 0
6 -1.2000 72.6641 -49.0028 0 0 -0.7854 1 0
4 -1.2000 76.3933 -39.9997 0 0 -0.0000 1 0
4 -1.2000 76.3933 -29.9997 0 0 -0.0000 1 0
11 -1.2000 76.3933 -19.9997 0 0 -0.0000 1 0
11 1.2000 76.3933 -9.9997 0 0 -0.0000 1 0
11 1.2000 76.3933 10.0003 0 0 3.1416 1 0
11 -1.2000 76.3933 20.0003 0 0 3.1416 1 0
11 -3.6000 76.3933 30.0003 0 0 3.1416 1 0
11 -6.0000 76.3933 40.0003 0 0 3.1416 1 0
11 -6.0000 76.3933 40.0003 0 0 -0.0000 1 0
11 -3.6000 76.3933 50.0003 0 0 -0.0000 1 0
11 -1.2000 76.3933 60.0003 0 0 -0.0000 1 0
11 1.2000 76.3933 70.0003 0 0 -0.0000 1 0
11 1.2000 76.3933 90.0003 0 0 3.1416 1 0
11 -1.2000 76.3933 100.0003 0 0 3.1416 1 0
11 -3.6000 76.3933 110.0003 0 0 3.1416 1 0
11 -6.0000 76.3933 120.0003 0 0 3.1416 1 0
11 -6.0000 76.3933 120.0003 0 0 -0.0000 1 0
11 -3.6000 76.3933 130.0003 0 0 -0.0000 1 0
11 -1.2000 76.3933 140.0003 0 0 -0.0000 1 0
11 1.2000 76.3933 150.0003 0 0 -0.0000 1 0
11 1.2000 76.3933 170.0003 0 0 3.1416 1 0
11 -1.2000 76.3933 180.0003 0 0 3.1416 1 0
4 -1.2000 76.3933 180.0003 0 0 -0.0000 1 0
4 -1.2000 76.3933 190.0003 0 0 -0.0000 1 0
4 -1.2000 76.3933 200.0003 0 0 -0.0000 1 0
7 -1.2000 76.3933 210.0003 0 0 -0.0000 1 0
7 -1.2000 78.3316 219.7451 0 0 -0.3927 1 0
7 -1.2000 83.8515 228.0064 0 0 -0.7854 1 0
7 -1.2000 92.1127 233.5264 0 0 -1.1781 1 0
4 -1.2000 101.8575 235.4648 0 0 -1.5708 1 0
4 -1.2000 111.8575 235.4648 0 0 -1.5708 1 0
4 -1.2000 121.8575 235.4648 0 0 -1.5708 1 0
4 -1.2000 131.8575 235.4648 0 0 -1.5708 1 0
4 -1.2000 141.8575 235.4648 0 0 -1.5708 1 0
4 -1.2000 151.8575 235.4648 0 0 -1.5708 1 0
4 -1.2000 161.8575 235.4648 0 0 -1.5708 1 0
4 -1.2000 171.8575 235.4648 0 0 -1.5708 1 0
4 -1.2000 181.8575 235.4648 0 0 -1.5708 1 0
4 -1.2000 191.8575 235.4648 0 0 -1.5708 1 0
4 -1.2000 201.8575 235.4648 0 0 -1.5708 1 0
4 -1.2000 211.8575 235.4648 0 0 -1.5708 1 0
4 -1.2000 221.8575 235.4648 0 0 -1.5708 1 0
4 -1.2000 231.8575 235.4648 0 0 -1.5708 1 0
4 -1.2000 241.8575 235.4648 0 0 -1.5708 1 0
4 -1.2000 251.8575 235.4648 0 0 -1.5708 1 0
4 -1.2000 261.8575 235.4648 0 0 -1.5708 1 0
4 -1.2000 271.8575 235.4648 0 0 -1.5708 1 0
4 -1.2000 281.8575 235.4648 0 0 -1.5708 1 0
4 -1.2000 291.8575 235.4648 0 0 -1.5708 1 0
4 -1.2000 301.8575 235.4648 0 0 -1.5708 1 0
4 -1.2000 311.8575 235.4648 0 0 -1.5708 1 0
4 -1.2000 321.8575 235.4648 0 0 -1.5708 1 0
4 -1.2000 331.8575 235.4648 0 0 -1.5708 1 0
4 -1.2000 341.8575 235.4648 0 0 -1.5708 1 0
4 -1.2000 351.8575 235.4648 0 0 -1.5708 1 0
4 -1.2000 361.8575 235.4648 0 0 -1.5708 1 0
7 -1.2000 371.8575 235.4648 0 0 -1.5708 1 0
7 -1.2000 381.6023 233.5265 0 0 -1.9635 1 0
7 -1.2000 389.8636 228.0065 0 0 -2.3562 1 0
7 -1.2000 395.3836 219.7453 0 0 -2.7489 1 0
7 -1.2000 397.3220 210.0006 0 0 -3.1416 1 0
7 -1.2000 395.3837 200.2558 0 0 -3.5343 1 0
7 -1.2000 389.8638 191.9945 0 0 -3.9270 1 0
4 -1.2000 381.6026 186.4745 0 0 -4.3197 1 0
4 -1.2000 372.3638 182.6476 0 0 -4.3197 1 0
4 -1.2000 363.1250 178.8208 0 0 -4.3197 1 0
4 -1.2000 353.8862 174.9940 0 0 -4.3197 1 0
4 -1.2000 344.6474 171.1672 0 0 -4.3197 1 0
4 -1.2000 335.4086 167.3403 0 0 -4.3197 1 0
4 -1.2000 326.1698 163.5135 0 0 -4.3197 1 0
4 -1.2000 316.9310 159.6867 0 0 -4.3197 1 0
4 -1.2000 307.6922 155.8598 0 0 -4.3197 1 0
4 -1.2000 298.4534 152.0330 0 0 -4.3197 1 0
4 -1.2000 289.2146 148.2062 0 0 -4.3197 1 0
4 -1.2000 279.9758 144.3793 0 0 -4.3197 1 0
4 -1.2000 270.7370 140.5525 0 0 -4.3197 1 0
4 -1.2000 261.4982 136.7257 0 0 -4.3197 1 0
4 -1.2000 252.2594 132.8988 0 0 -4.3197 1 0
4 -1.2000 243.0206 129.0720 0 0 -4.3197 1 0
4 -1.2000 233.7818 125.2452 0 0 -4.3197 1 0
4 -1.2000 224.5430 121.4183 0 0 -4.3197 1 0
4 -1.2000 215.3042 117.5915 0 0 -4.3197 1 0
4 -1.2000 206.0654 113.7647 0 0 -4.3197 1 0
4 -1.2000 196.8266 109.9378 0 0 -4.3197 1 0
4 -1.2000 187.5879 106.1110 0 0 -4.3197 1 0
4 -1.2000 178.3491 102.2842 0 0 -4.3197 1 0
9 -1.2000 169.1103 98.4573 0 0 -4.3197 1 0
10 -0.4000 159.8715 94.6305 0 0 -4.3197 1 0
10 1.2000 150.6327 90.8037 0 0 -4.3197 1 0
9 2.8000 141.3939 86.9768 0 0 -4.3197 1 0
6 3.6000 132.1551 83.1500 0 0 -4.3197 1 0
6 3.6000 125.2644 76.2593 0 0 -3.5343 1 0
4 3.6000 125.2644 66.5145 0 0 -2.7489 1 0
4 3.6000 129.0912 57.2757 0 0 -2.7489 1 0
4 3.6000 132.9181 48.0369 0 0 -2.7489 1 0
4 3.6000 136.7449 38.7981 0 0 -2.7489 1 0
4 3.6000 140.5717 29.5593 0 0 -2.7489 1 0
4 3.6000 144.3986 20.3205 0 0 -2.7489 1 0
4 3.6000 148.2254 11.0817 0 0 -2.7489 1 0
4 3.6000 152.0522 1.8429 0 0 -2.7489 1 0
4 3.6000 155.8791 -7.3959 0 0 -2.7489 1 0
4 3.6000 159.7059 -16.6347 0 0 -2.7489 1 0
4 3.6000 163.5327 -25.8735 0 0 -2.7489 1 0
4 3.6000 167.3596 -35.1123 0 0 -2.7489 1 0
4 3.6000 171.1864 -44.3511 0 0 -2.7489 1 0
4 3.6000 175.0132 -53.5899 0 0 -2.7489 1 0
4 3.6000 178.8401 -62.8287 0 0 -2.7489 1 0
4 3.6000 182.6669 -72.0675 0 0 -2.7489 1 0
4 3.6000 186.4937 -81.3063 0 0 -2.7489 1 0
4 3.6000 190.3206 -90.5451 0 0 -2.7489 1 0
4 3.6000 194.1474 -99.7839 0 0 -2.7489 1 0
4 3.6000 197.9742 -109.0227 0 0 -2.7489 1 0
4 3.6000 201.8011 -118.2615 0 0 -2.7489 1 0
4 3.6000 205.6279 -127.5003 0 0 -2.7489 1 0
4 3.6000 209.4547 -136.7391 0 0 -2.7489 1 0
4 3.6000 213.2816 -145.9779 0 0 -2.7489 1 0
4 3.6000 217.1084 -155.2166 0 0 -2.7489 1 0
4 3.6000 220.9352 -164.4554 0 0 -2.7489 1 0
4 3.6000 224.7621 -173.6942 0 0 -2.7489 1 0
4 3.6000 228.5889 -182.9330 0 0 -2.7489 1 0
4 3.6000 232.4157 -192.1718 0 0 -2.7489 1 0
4 3.6000 236.2425 -201.4106 0 0 -2.7489 1 0
9 3.6000 240.0694 -210.6494 0 0 -2.7489 1 0
10 4.4000 243.8962 -219.8882 0 0 -2.7489 1 0
11 6.0000 247.7230 -229.1270 0 0 -2.7489 1 0
11 8.4000 251.5499 -238.3658 0 0 -2.7489 1 0
6 10.8000 255.3767 -247.6046 0 0 -2.7489 1 0
6 10.8000 262.2674 -254.4953 0 0 -1.9635 1 0
6 10.8000 272.0123 -254.4953 0 0 -1.1781 1 0
11 8.4000 282.7298 -238.3658 0 0 2.7489 1 0
11 6.0000 286.5566 -229.1270 0 0 2.7489 1 0
8 6.0000 286.5566 -229.1270 0 0 -0.3927 1 0
8 6.0000 293.4473 -222.2364 0 0 -1.1781 1 0
8 6.0000 303.1922 -222.2363 0 0 -1.9635 1 0
8 6.0000 310.0828 -229.1270 0 0 -2.7489 1 0
4 6.0000 310.0828 -238.8719 0 0 -3.5343 1 0
4 6.0000 306.2560 -248.1107 0 0 -3.5343 1 0
4 6.0000 302.4292 -257.3495 0 0 -3.5343 1 0
4 6.0000 298.6023 -266.5883 0 0 -3.5343 1 0
8 6.0000 294.7755 -275.8271 0 0 -3.5343 1 0
6 6.0000 287.8848 -282.7178 0 0 -4.3197 1 0
6 6.0000 280.9942 -289.6084 0 0 -3.5343 1 0
4 6.0000 280.9941 -299.3533 0 0 -2.7489 1 0
4 6.0000 284.8210 -308.5921 0 0 -2.7489 1 0
4 6.0000 288.6478 -317.8309 0 0 -2.7489 1 0
4 6.0000 292.4746 -327.0697 0 0 -2.7489 1 0
4 6.0000 296.3015 -336.3085 0 0 -2.7489 1 0
4 6.0000 300.1283 -345.5473 0 0 -2.7489 1 0
4 6.0000 303.9551 -354.7861 0 0 -2.7489 1 0
4 6.0000 307.7820 -364.0249 0 0 -2.7489 1 0
4 6.0000 311.6088 -373.2637 0 0 -2.7489 1 0
4 6.0000 315.4356 -382.5025 0 0 -2.7489 1 0
4 6.0000 319.2625 -391.7413 0 0 -2.7489 1 0
4 6.0000 323.0893 -400.9801 0 0 -2.7489 1 0
4 6.0000 326.9161 -410.2189 0 0 -2.7489 1 0
4 6.0000 330.7430 -419.4577 0 0 -2.7489 1 0
4 6.0000 334.5698 -428.6964 0 0 -2.7489 1 0
4 6.0000 338.3966 -437.9352 0 0 -2.7489 1 0
4 6.0000 342.2235 -447.1740 0 0 -2.7489 1 0
4 6.0000 346.0503 -456.4128 0 0 -2.7489 1 0
4 6.0000 349.8771 -465.6516 0 0 -2.7489 1 0
4 6.0000 353.7040 -474.8904 0 0 -2.7489 1 0
5 6.0000 357.5308 -484.1292 0 0 -2.7489 1 0
5 6.0000 363.0507 -492.3905 0 0 -2.3562 1 0
5 6.0000 371.3119 -497.9105 0 0 -1.9635 1 0
4 6.0000 381.0567 -499.8489 0 0 -1.5708 1 0
4 6.0000 391.0567 -499.8489 0 0 -1.5708 1 0
4 6.0000 401.0567 -499.8489 0 0 -1.5708 1 0
4 6.0000 411.0567 -499.8489 0 0 -1.5708 1 0
21 6.0000 421.0567 -499.8489 0 0 -1.5708 5 0
16 6.0000 401.0567 -499.8489 0 0 -1.5708 2 0
17 -1.2000 -5.2000 40.0041 0 0 0.0000 2 0
17 -1.2000 5.2000 39.9959 0 0 0.0000 2 0
19 -10.2000 -14.0000 60.0111 0 0 3.1416 2 0
17 -1.2000 -5.2000 80.0041 0 0 0.0000 2 0
17 -1.2000 -5.2000 100.0041 0 0 0.0000 2 0
18 -1.2000 5.2000 99.9959 0 0 0.0000 2 0
17 -1.2000 -5.2000 120.0041 0 0 0.0000 2 0
17 -1.2000 5.2000 119.9959 0 0 0.0000 2 0
17 -1.2000 -5.2000 140.0041 0 0 0.0000 2 0
17 -1.2000 5.2000 139.9959 0 0 0.0000 2 0
17 -1.2000 5.2000 159.9959 0 0 0.0000 2 0
17 -1.2000 -5.2000 180.0041 0 0 0.0000 2 0
17 -1.2000 5.2000 179.9959 0 0 0.0000 2 0
20 -10.2000 14.0000 199.9889 0 0 -0.0000 2 0
18 -1.2000 3.7842 221.6859 0 0 0.7854 2 0
18 -1.2000 11.1323 214.3262 0 0 0.7854 2 0
17 -1.2000 25.4683 230.6645 0 0 1.5708 2 0
18 -1.2000 25.4601 220.2645 0 0 1.5708 2 0
17 -1.2000 47.1502 221.6803 0 0 2.3562 2 0
17 -1.2000 39.7904 214.3323 0 0 2.3562 2 0
17 -1.2000 56.1287 199.9962 0 0 3.1416 2 0
17 -1.8000 56.1287 179.9962 0 0 3.1416 2 0
17 -1.8000 45.7287 180.0044 0 0 3.1416 2 0
17 -6.6000 56.1287 159.9962 0 0 3.1416 2 0
24 -1.8000 56.1287 139.9962 0 0 3.1416 2 0
17 -1.8000 45.7287 140.0044 0 0 3.1416 2 0
17 3.0000 56.1287 119.9962 0 0 3.1416 2 0
24 3.0000 45.7287 120.0044 0 0 3.1416 2 0
17 -1.8000 56.1287 99.9962 0 0 3.1416 2 0
17 -1.8000 45.7287 100.0044 0 0 3.1416 2 0
17 -6.6000 56.1287 79.9962 0 0 3.1416 2 0
18 -6.6000 45.7287 80.0044 0 0 3.1416 2 0
17 -1.8000 56.1287 59.9962 0 0 3.1416 2 0
17 -1.8000 45.7287 60.0044 0 0 3.1416 2 0
17 3.0000 56.1287 39.9962 0 0 3.1416 2 0
17 3.0000 45.7287 40.0044 0 0 3.1416 2 0
17 -1.8000 56.1287 19.9962 0 0 3.1416 2 0
17 -1.8000 45.7287 20.0044 0 0 3.1416 2 0
18 -6.6000 56.1287 -0.0038 0 0 3.1416 2 0
17 -6.6000 45.7287 0.0044 0 0 3.1416 2 0
17 -1.8000 56.1287 -20.0038 0 0 3.1416 2 0
18 -1.8000 45.7287 -19.9956 0 0 3.1416 2 0
17 -1.2000 63.6651 -47.5320 0 0 1.5708 2 0
17 -1.2000 63.6568 -57.9320 0 0 1.5708 2 0
17 -1.2000 71.1933 -39.9956 0 0 0.0000 2 0
24 -1.8000 71.1933 -19.9956 0 0 0.0000 2 0
17 -1.8000 81.5933 -20.0039 0 0 0.0000 2 0
24 3.0000 71.1933 0.0044 0 0 0.0000 2 0
18 -1.8000 71.1933 20.0044 0 0 0.0000 2 0
17 -1.8000 81.5933 19.9961 0 0 0.0000 2 0
18 -1.8000 71.1933 60.0044 0 0 0.0000 2 0
17 -1.8000 81.5933 59.9961 0 0 0.0000 2 0
18 3.0000 71.1933 80.0044 0 0 0.0000 2 0
17 -1.8000 71.1933 100.0044 0 0 0.0000 2 0
17 -1.8000 81.5933 99.9961 0 0 0.0000 2 0
17 -6.6000 71.1933 120.0044 0 0 0.0000 2 0
17 -6.6000 81.5933 119.9961 0 0 0.0000 2 0
18 -1.8000 71.1933 140.0044 0 0 0.0000 2 0
17 3.0000 71.1933 160.0044 0 0 0.0000 2 0
17 -1.8000 71.1933 180.0044 0 0 0.0000 2 0
24 -1.8000 81.5933 179.9961 0 0 0.0000 2 0
17 -1.2000 71.1933 200.0044 0 0 0.0000 2 0
18 -1.2000 81.5933 199.9961 0 0 0.0000 2 0
17 -1.2000 73.5290 221.7389 0 0 0.3927 2 0
17 -1.2000 90.1266 238.3321 0 0 1.1781 2 0
18 -1.2000 94.0988 228.7206 0 0 1.1781 2 0
18 -1.2000 111.8616 240.6648 0 0 1.5708 2 0
17 -1.2000 111.8533 230.2648 0 0 1.5708 2 0
18 -1.2000 131.8616 240.6648 0 0 1.5708 2 0
18 -1.2000 131.8533 230.2648 0 0 1.5708 2 0
17 -1.2000 151.8616 240.6648 0 0 1.5708 2 0
17 -1.2000 151.8533 230.2648 0 0 1.5708 2 0
17 -1.2000 171.8616 240.6648 0 0 1.5708 2 0
17 -1.2000 171.8533 230.2648 0 0 1.5708 2 0
18 -1.2000 191.8616 240.6648 0 0 1.5708 2 0
18 -1.2000 211.8616 240.6648 0 0 1.5708 2 0
20 -10.2000 211.8463 221.4648 0 0 -1.5708 2 0
17 -1.2000 231.8616 240.6648 0 0 1.5708 2 0
24 -1.2000 231.8533 230.2648 0 0 1.5708 2 0
17 -1.2000 251.8616 240.6648 0 0 1.5708 2 0
20 -10.2000 251.8463 221.4648 0 0 -1.5708 2 0
17 -1.2000 271.8616 240.6648 0 0 1.5708 2 0
17 -1.2000 271.8533 230.2648 0 0 1.5708 2 0
17 -1.2000 311.8616 240.6648 0 0 1.5708 2 0
17 -1.2000 311.8533 230.2648 0 0 1.5708 2 0
17 -1.2000 331.8616 240.6648 0 0 1.5708 2 0
17 -1.2000 331.8533 230.2648 0 0 1.5708 2 0
17 -1.2000 351.8616 240.6648 0 0 1.5708 2 0
17 -1.2000 351.8533 230.2648 0 0 1.5708 2 0
17 -1.2000 371.8616 240.6648 0 0 1.5708 2 0
20 -10.2000 371.8463 221.4648 0 0 -1.5708 2 0
18 -1.2000 393.5434 231.6806 0 0 2.3562 2 0
24 -1.2000 386.1837 224.3325 0 0 2.3562 2 0
17 -1.2000 402.5220 209.9964 0 0 3.1416 2 0
17 -1.2000 393.5378 188.3146 0 0 3.9270 2 0
24 -1.2000 386.1897 195.6744 0 0 3.9270 2 0
17 -1.2000 370.3776 187.4534 0 0 4.3197 2 0
18 -1.2000 355.8723 170.1882 0 0 4.3197 2 0
17 -1.2000 351.9001 179.7997 0 0 4.3197 2 0
17 -1.2000 333.4225 172.1461 0 0 4.3197 2 0
19 -10.2000 322.2783 146.7481 0 0 -1.1781 2 0
17 -1.2000 314.9449 164.4924 0 0 4.3197 2 0
17 -1.2000 300.4395 147.2272 0 0 4.3197 2 0
17 -1.2000 296.4673 156.8387 0 0 4.3197 2 0
17 -1.2000 281.9619 139.5736 0 0 4.3197 2 0
19 -10.2000 266.8455 123.7871 0 0 -1.1781 2 0
17 -1.2000 259.5121 141.5314 0 0 4.3197 2 0
17 -1.2000 245.0068 124.2662 0 0 4.3197 2 0
18 -1.2000 241.0345 133.8778 0 0 4.3197 2 0
17 -1.2000 226.5292 116.6126 0 0 4.3197 2 0
17 -1.2000 222.5569 126.2241 0 0 4.3197 2 0
17 -1.2000 208.0516 108.9589 0 0 4.3197 2 0
17 -1.2000 189.5740 101.3052 0 0 4.3197 2 0
17 -1.2000 185.6017 110.9168 0 0 4.3197 2 0
17 -1.4000 171.0964 93.6516 0 0 4.3197 2 0
18 -1.4000 167.1241 103.2631 0 0 4.3197 2 0
18 0.8000 152.6188 85.9979 0 0 4.3197 2 0
17 0.8000 148.6465 95.6094 0 0 4.3197 2 0
18 3.2000 134.1412 78.3442 0 0 4.3197 2 0
17 3.2000 130.1689 87.9558 0 0 4.3197 2 0
17 3.6000 130.0701 68.5006 0 0 2.7489 2 0
17 3.6000 120.4586 64.5283 0 0 2.7489 2 0
20 -5.4000 119.9795 42.6896 0 0 -2.7489 2 0
18 3.6000 145.3775 31.5454 0 0 2.7489 2 0
17 3.6000 143.4196 9.0956 0 0 2.7489 2 0
18 3.6000 160.6848 -5.4098 0 0 2.7489 2 0
24 3.6000 151.0733 -9.3820 0 0 2.7489 2 0
17 3.6000 168.3385 -23.8874 0 0 2.7489 2 0
17 3.6000 175.9921 -42.3650 0 0 2.7489 2 0
17 3.6000 166.3806 -46.3372 0 0 2.7489 2 0
17 3.6000 183.6458 -60.8426 0 0 2.7489 2 0
17 3.6000 191.2995 -79.3202 0 0 2.7489 2 0
18 3.6000 181.6880 -83.2924 0 0 2.7489 2 0
18 3.6000 198.9531 -97.7977 0 0 2.7489 2 0
18 3.6000 189.3416 -101.7700 0 0 2.7489 2 0
17 3.6000 206.6068 -116.2753 0 0 2.7489 2 0
17 3.6000 214.2605 -134.7529 0 0 2.7489 2 0
17 3.6000 221.9141 -153.2305 0 0 2.7489 2 0
24 3.6000 212.3026 -157.2028 0 0 2.7489 2 0
18 3.6000 229.5678 -171.7081 0 0 2.7489 2 0
17 3.6000 219.9563 -175.6804 0 0 2.7489 2 0
17 3.6000 237.2215 -190.1857 0 0 2.7489 2 0
18 3.6000 227.6100 -194.1580 0 0 2.7489 2 0
17 3.4000 244.8751 -208.6633 0 0 2.7489 2 0
17 3.4000 235.2636 -212.6355 0 0 2.7489 2 0
17 5.4000 252.5288 -227.1409 0 0 2.7489 2 0
17 10.2000 260.1825 -245.6185 0 0 2.7489 2 0
18 10.2000 250.5710 -249.5907 0 0 2.7489 2 0
18 10.8000 270.0261 -249.6895 0 0 1.1781 2 0
17 10.8000 273.9984 -259.3010 0 0 1.1781 2 0
17 7.8000 277.9272 -236.3720 0 0 0.3927 2 0
18 7.8000 287.5324 -240.3596 0 0 0.3927 2 0
17 5.4000 295.4334 -227.0421 0 0 1.1781 2 0
17 6.0000 314.8886 -227.1409 0 0 2.7489 2 0
17 6.0000 305.2771 -231.1131 0 0 2.7489 2 0
17 6.0000 311.0586 -250.1045 0 0 3.5343 2 0
17 6.0000 303.4049 -268.5821 0 0 3.5343 2 0
17 6.0000 293.7998 -264.5945 0 0 3.5343 2 0
17 6.0000 285.8987 -277.9120 0 0 4.3197 2 0
17 6.0000 285.7999 -297.3672 0 0 2.7489 2 0
18 6.0000 276.1884 -301.3394 0 0 2.7489 2 0
17 6.0000 293.4536 -315.8448 0 0 2.7489 2 0
17 6.0000 283.8421 -319.8170 0 0 2.7489 2 0
18 6.0000 301.1072 -334.3224 0 0 2.7489 2 0
19 -3.0000 283.3629 -341.6558 0 0 -2.7489 2 0
18 6.0000 308.7609 -352.8000 0 0 2.7489 2 0
18 6.0000 299.1494 -356.7722 0 0 2.7489 2 0
17 6.0000 316.4146 -371.2775 0 0 2.7489 2 0
24 6.0000 306.8031 -375.2498 0 0 2.7489 2 0
17 6.0000 324.0682 -389.7551 0 0 2.7489 2 0
17 6.0000 314.4567 -393.7274 0 0 2.7489 2 0
17 6.0000 331.7219 -408.2327 0 0 2.7489 2 0
18 6.0000 339.3756 -426.7103 0 0 2.7489 2 0
17 6.0000 329.7641 -430.6826 0 0 2.7489 2 0
18 6.0000 347.0292 -445.1879 0 0 2.7489 2 0
20 -3.0000 329.2849 -452.5213 0 0 -2.7489 2 0
17 6.0000 354.6829 -463.6655 0 0 2.7489 2 0
19 -3.0000 336.9386 -470.9989 0 0 -2.7489 2 0
17 6.0000 362.3366 -482.1431 0 0 2.7489 2 0
20 -3.0000 344.5922 -489.4765 0 0 -2.7489 2 0
18 6.0000 373.3057 -493.1079 0 0 1.9635 2 0
17 6.0000 369.3182 -502.7131 0 0 1.9635 2 0
17 6.0000 391.0526 -505.0489 0 0 1.5708 2 0
