ambient 0.5
headlight 0.2
directional 0.6
lightdir -1.0 -1.0 -1.0
background 190 210 235
clfactors 1.0 1.0 1.0
objtypes 49
data/steer.geo data/steer.col data/noref.ref data/nocl.cld
data/speed.geo data/speed.col data/noref.ref data/nocl.cld
data/dmod.geo data/dmod.col data/noref.ref data/nocl.cld
data/roads.geo data/roads.col data/roads.ref data/road.cld
data/roadlw.geo data/road.col data/roadlw.ref data/road.cld
data/roadln.geo data/road.col data/roadln.ref data/road.cld
data/roadrw.geo data/road.col data/roadrw.ref data/road.cld
data/roadrn.geo data/road.col data/roadrn.ref data/road.cld
data/road25.geo data/road.col data/road25.ref data/road.cld
data/road50.geo data/road.col data/road50.ref data/road.cld
data/road75.geo data/road.col data/road75.ref data/road.cld
data/tunnb.geo data/tunnb.col data/tunnb.ref data/tunnb.cld
data/tunn.geo data/tunn.col data/tunn.ref data/tunn.cld
data/bridgec.geo data/bridgec.col data/bridgstr.ref data/bridgec.cld
data/bridges.geo data/bridges.col data/bridges.ref data/bridges.cld
data/start.geo data/start.col data/start.ref data/nocl.cld
data/tree1.geo data/tree1.col data/tree.ref data/tree.cld
data/tree2.geo data/tree2.col data/tree.ref data/tree.cld
data/house1.geo data/house1.col data/house1.ref data/house1.cld
data/house2.geo data/house2.col data/house2.ref data/house2.cld
data/trs.geo data/trs.col data/trs.ref data/trs.cld
data/wind.geo data/wind.col data/wind.ref data/wind.cld
data/prop.geo data/prop.col data/noref.ref data/nocl.cld
data/tree3.geo data/tree3.col data/tree.ref data/nocl.cld
data/glider.geo data/glider.col data/noref.ref data/nocl.cld
data/bridgescl.geo data/bridges.col data/bridgec.ref data/bridgescl.cld
data/loop4r.geo data/loopblue.col data/loop4r.ref data/loop4r.cld
data/loop2r.geo data/loopgreen.col data/loop2r.ref data/loop2r.cld
data/loop1r.geo data/loopred.col data/loop1r.ref data/loop1r.cld
data/loop4l.geo data/loopblue.col data/loop4l.ref data/loop4l.cld
data/loop2l.geo data/loopgreen.col data/loop2l.ref data/loop2l.cld
data/loop1l.geo data/loopred.col data/loop1l.ref data/loop1l.cld
data/corkl.geo data/cork.col data/corkl.ref data/corkl.cld
data/corkr.geo data/cork.col data/corkr.ref data/corkr.cld
data/road11.geo data/road.col data/road11.ref data/road.cld
data/road12.geo data/road.col data/road12.ref data/road.cld
data/roadhill.geo data/roadhill.col data/roads.ref data/roadhill.cld
data/roadhl25.geo data/road.col data/roadhl25.ref data/road.cld
data/roadhr25.geo data/road.col data/roadhr25.ref data/road.cld
data/roadhl50.geo data/road.col data/roadhl50.ref data/road.cld
data/roadhr50.geo data/road.col data/roadhr50.ref data/road.cld
data/roadhl75.geo data/road.col data/roadhl75.ref data/road.cld
data/roadhr75.geo data/road.col data/roadhr75.ref data/road.cld
data/wroads.geo data/wroads.col data/wroads.ref data/wroad.cld
data/wroadl.geo data/wroad.col data/wroadl.ref data/wroad.cld
data/roadch.geo data/roadch.col data/roadch.ref data/roadch.cld
data/ter.geo data/ter.col data/ter.ref data/ter.cld
data/ter1.geo data/ter1.col data/ter1.ref data/ter1.cld
data/ter2.geo data/ter2.col data/ter2.ref data/ter2.cld
objects 185
16 -1.2000 0.0000 20.0000 0 0 0.0000 2 0
21 -1.2000 0.0000 0.0000 0 0 3.1416 5 0
4 -1.2000 0.0000 0.0000 0 0 -0.0000 1 0
4 -1.2000 0.0000 10.0000 0 0 -0.0000 1 0
4 -1.2000 0.0000 20.0000 0 0 -0.0000 1 0
4 -1.2000 0.0000 30.0000 0 0 -0.0000 1 0
4 -1.2000 0.0000 40.0000 0 0 -0.0000 1 0
11 -1.2000 0.0000 50.0000 0 0 -0.0000 1 0
36 -3.2713 0.0000 68.9447 0 0 3.1416 1 0
49 -3.2713 0.0000 68.9447 0 0 -0.0000 1 0
48 -3.2713 0.0000 108.9447 0 0 -0.0000 1 0
47 -3.2713 0.0000 148.9447 0 0 -0.0000 1 0
49 -3.2713 0.0000 188.9447 0 0 -0.0000 1 0
48 -3.2713 0.0000 228.9447 0 0 -0.0000 1 0
47 -3.2713 0.0000 268.9447 0 0 -0.0000 1 0
49 -3.2713 0.0000 308.9447 0 0 -0.0000 1 0
48 -3.2713 0.0000 348.9447 0 0 -0.0000 1 0
47 -3.2713 0.0000 388.9447 0 0 -0.0000 1 0
49 -3.2713 0.0000 428.9447 0 0 -0.0000 1 0
48 -3.2713 0.0000 468.9447 0 0 -0.0000 1 0
47 -3.2713 0.0000 508.9447 0 0 -0.0000 1 0
47 -3.2713 0.0000 548.9447 0 0 -0.0000 1 0
47 -3.2713 0.0000 588.9447 0 0 -0.0000 1 0
47 -3.2713 0.0000 628.9447 0 0 -0.0000 1 0
47 -3.2713 0.0000 668.9447 0 0 -0.0000 1 0
47 -3.2713 0.0000 708.9447 0 0 -0.0000 1 0
47 -3.2713 0.0000 748.9447 0 0 -0.0000 1 0
47 -3.2713 0.0000 788.9447 0 0 -0.0000 1 0
37 -3.2713 0.0000 828.9447 0 0 -0.0000 1 0
4 -3.2713 0.0000 838.9447 0 0 -0.0000 1 0
4 -3.2713 0.0000 848.9447 0 0 -0.0000 1 0
39 -3.2713 0.0000 858.9447 0 0 -0.0000 1 0
41 -2.4713 1.9383 868.6895 0 0 -0.3927 1 0
43 -0.8713 7.4582 876.9508 0 0 -0.7854 1 0
43 1.5287 15.7194 882.4708 0 0 -1.1781 1 0
11 3.9287 25.4642 884.4092 0 0 -1.5708 1 0
11 6.3287 35.4642 884.4092 0 0 -1.5708 1 0
11 8.7287 45.4642 884.4092 0 0 -1.5708 1 0
11 11.1287 55.4642 884.4092 0 0 -1.5708 1 0
11 13.5287 65.4642 884.4092 0 0 -1.5708 1 0
11 15.9287 75.4642 884.4092 0 0 -1.5708 1 0
43 18.3287 85.4642 884.4092 0 0 -1.5708 1 0
43 20.7287 95.2090 882.4709 0 0 -1.9635 1 0
41 23.1287 103.4703 876.9510 0 0 -2.3562 1 0
39 24.7287 108.9903 868.6898 0 0 -2.7489 1 0
4 25.5287 110.9287 858.9450 0 0 -3.1416 1 0
4 25.5287 110.9287 848.9450 0 0 -3.1416 1 0
9 24.7287 110.9287 828.9450 0 0 -0.0000 1 0
9 23.9287 110.9287 818.9450 0 0 -0.0000 1 0
9 23.1287 110.9287 808.9450 0 0 -0.0000 1 0
38 22.3287 108.9904 799.2002 0 0 -0.3927 1 0
40 20.7287 103.4705 790.9389 0 0 -0.7854 1 0
42 18.3287 95.2093 785.4189 0 0 -1.1781 1 0
42 15.9287 85.4645 783.4805 0 0 -1.5708 1 0
11 13.5287 75.4645 783.4805 0 0 -1.5708 1 0
11 11.1287 65.4645 783.4805 0 0 -1.5708 1 0
11 8.7287 55.4645 783.4805 0 0 -1.5708 1 0
43 6.3287 45.7197 781.5422 0 0 -1.1781 1 0
43 3.9287 37.4584 776.0223 0 0 -0.7854 1 0
41 2.3287 31.9384 767.7611 0 0 -0.3927 1 0
39 1.5287 30.0000 758.0163 0 0 -0.0000 1 0
4 1.5287 30.0000 758.0163 0 0 -3.1416 1 0
4 1.5287 30.0000 748.0163 0 0 -3.1416 1 0
4 1.5287 30.0000 738.0163 0 0 -3.1416 1 0
4 1.5287 30.0000 728.0163 0 0 -3.1416 1 0
4 1.5287 30.0000 718.0163 0 0 -3.1416 1 0
4 1.5287 30.0000 708.0163 0 0 -3.1416 1 0
4 1.5287 30.0000 698.0163 0 0 -3.1416 1 0
4 1.5287 30.0000 688.0163 0 0 -3.1416 1 0
4 1.5287 30.0000 678.0163 0 0 -3.1416 1 0
4 1.5287 30.0000 668.0163 0 0 -3.1416 1 0
31 1.5287 30.0000 658.0163 0 0 -3.1416 1 0
4 1.5287 35.0000 658.0163 0 0 -3.1416 1 0
4 1.5287 35.0000 648.0163 0 0 -3.1416 1 0
4 1.5287 35.0000 638.0163 0 0 -3.1416 1 0
4 1.5287 35.0000 628.0163 0 0 -3.1416 1 0
4 1.5287 35.0000 618.0163 0 0 -3.1416 1 0
4 1.5287 35.0000 608.0163 0 0 -3.1416 1 0
4 1.5287 35.0000 598.0163 0 0 -3.1416 1 0
4 1.5287 35.0000 588.0163 0 0 -3.1416 1 0
4 1.5287 35.0000 578.0163 0 0 -3.1416 1 0
4 1.5287 35.0000 568.0163 0 0 -3.1416 1 0
32 1.5287 35.0000 558.0163 0 0 -3.1416 1 0
4 1.5287 40.0000 558.0163 0 0 -3.1416 1 0
4 1.5287 40.0000 548.0163 0 0 -3.1416 1 0
4 1.5287 39.9999 538.0163 0 0 -3.1416 1 0
4 1.5287 39.9999 528.0163 0 0 -3.1416 1 0
4 1.5287 39.9999 518.0163 0 0 -3.1416 1 0
4 1.5287 39.9999 508.0163 0 0 -3.1416 1 0
4 1.5287 39.9999 498.0163 0 0 -3.1416 1 0
4 1.5287 39.9999 488.0163 0 0 -3.1416 1 0
4 1.5287 39.9999 478.0163 0 0 -3.1416 1 0
4 1.5287 39.9999 468.0163 0 0 -3.1416 1 0
31 1.5287 39.9999 458.0163 0 0 -3.1416 1 0
4 1.5287 44.9999 458.0163 0 0 -3.1416 1 0
4 1.5287 44.9999 448.0163 0 0 -3.1416 1 0
4 1.5287 44.9999 438.0163 0 0 -3.1416 1 0
4 1.5287 44.9999 428.0163 0 0 -3.1416 1 0
4 1.5287 44.9999 418.0163 0 0 -3.1416 1 0
4 1.5287 44.9999 408.0163 0 0 -3.1416 1 0
4 1.5287 44.9999 398.0163 0 0 -3.1416 1 0
4 1.5287 44.9999 388.0163 0 0 -3.1416 1 0
4 1.5287 44.9999 378.0163 0 0 -3.1416 1 0
4 1.5287 44.9999 368.0163 0 0 -3.1416 1 0
8 1.5287 44.9999 358.0163 0 0 -3.1416 1 0
8 1.5287 41.2707 349.0132 0 0 -3.9270 1 0
14 1.5287 32.2676 345.2840 0 0 -4.7124 1 0
15 3.9287 22.2676 345.2840 0 0 -4.7124 1 0
15 3.9287 12.2676 345.2840 0 0 -4.7124 1 0
15 3.9287 2.2676 345.2840 0 0 -4.7124 1 0
15 3.9287 -7.7324 345.2840 0 0 -4.7124 1 0
14 1.5287 -27.7324 345.2840 0 0 -1.5708 1 0
6 1.5287 -27.7324 345.2840 0 0 -4.7124 1 0
6 1.5287 -36.7355 341.5548 0 0 -3.9270 1 0
4 1.5287 -40.4647 332.5517 0 0 -3.1416 1 0
4 1.5287 -40.4647 322.5517 0 0 -3.1416 1 0
4 1.5287 -40.4647 312.5517 0 0 -3.1416 1 0
4 1.5287 -40.4647 302.5517 0 0 -3.1416 1 0
4 1.5287 -40.4647 292.5517 0 0 -3.1416 1 0
37 1.5287 -40.4647 282.5517 0 0 -3.1416 1 0
4 1.5287 -40.4647 272.5517 0 0 -3.1416 1 0
4 1.5287 -40.4647 262.5517 0 0 -3.1416 1 0
4 1.5287 -40.4647 252.5517 0 0 -3.1416 1 0
4 1.5287 -40.4647 242.5517 0 0 -3.1416 1 0
4 1.5287 -40.4647 232.5517 0 0 -3.1416 1 0
34 1.5287 -40.4647 222.5517 0 0 -3.0163 1 0
4 1.5287 -40.4647 222.5517 0 0 -3.1416 1 0
4 1.5287 -40.4647 212.5517 0 0 -3.1416 1 0
4 1.5287 -40.4647 202.5517 0 0 -3.1416 1 0
4 1.5287 -40.4647 192.5517 0 0 -3.1416 1 0
4 1.5287 -40.4647 182.5517 0 0 -3.1416 1 0
21 1.5287 -40.4647 172.5517 0 0 -3.1416 5 0
16 1.5287 -40.4647 192.5517 0 0 -3.1416 2 0
24 -1.2000 -5.3000 40.0042 0 0 0.0000 2 0
17 -1.2000 5.3000 39.9958 0 0 0.0000 2 0
24 -3.2713 -5.3000 848.9489 0 0 0.0000 2 0
18 -3.0713 -2.9566 870.7216 0 0 0.3927 2 0
17 0.9287 17.7438 877.5726 0 0 1.1781 2 0
17 5.7287 35.4600 879.1092 0 0 1.5708 2 0
17 10.5287 55.4684 889.7092 0 0 1.5708 2 0
17 15.3287 75.4684 889.7092 0 0 1.5708 2 0
17 15.3287 75.4600 879.1092 0 0 1.5708 2 0
18 20.1287 97.2411 887.3659 0 0 1.9635 2 0
17 20.1287 93.1769 877.5760 0 0 1.9635 2 0
18 24.9287 116.2287 848.9408 0 0 3.1416 2 0
18 24.5287 105.6287 828.9492 0 0 3.1416 2 0
18 22.5287 116.2287 808.9408 0 0 3.1416 2 0
18 22.5287 105.6287 808.9492 0 0 3.1416 2 0
18 20.1287 107.2152 787.1883 0 0 3.9270 2 0
18 20.1287 99.7258 794.6896 0 0 3.9270 2 0
18 15.3287 85.4603 778.1805 0 0 4.7124 2 0
18 15.3287 85.4687 788.7805 0 0 4.7124 2 0
18 10.5287 65.4603 778.1805 0 0 4.7124 2 0
18 10.5287 65.4687 788.7805 0 0 4.7124 2 0
18 5.7287 47.7440 776.6440 0 0 4.3197 2 0
18 5.7287 43.6954 786.4404 0 0 4.3197 2 0
18 1.7287 36.8333 765.7290 0 0 3.5343 2 0
17 0.9287 35.3000 748.0121 0 0 3.1416 2 0
17 0.9287 24.7000 748.0205 0 0 3.1416 2 0
18 1.5287 35.3000 708.0121 0 0 3.1416 2 0
20 1.5287 24.5000 708.0207 0 0 -3.1416 2 0
20 1.5287 35.5000 688.0119 0 0 0.0000 2 0
19 1.5287 24.5000 688.0207 0 0 -3.1416 2 0
19 1.5287 40.5000 618.0119 0 0 0.0000 2 0
20 1.5287 40.5000 598.0119 0 0 0.0000 2 0
20 1.5287 29.5000 598.0207 0 0 -3.1416 2 0
20 1.5287 40.5000 578.0119 0 0 0.0000 2 0
18 1.5287 29.7000 578.0205 0 0 3.1416 2 0
18 1.5287 45.2999 528.0121 0 0 3.1416 2 0
19 1.5287 34.4999 528.0207 0 0 -3.1416 2 0
18 1.5287 45.2999 508.0121 0 0 3.1416 2 0
17 1.5287 34.6999 508.0205 0 0 3.1416 2 0
20 1.5287 34.4999 488.0207 0 0 -3.1416 2 0
19 1.5287 39.4999 418.0207 0 0 -3.1416 2 0
18 1.5287 50.2999 398.0121 0 0 3.1416 2 0
19 1.5287 39.4999 378.0207 0 0 -3.1416 2 0
20 1.5287 50.4999 358.0119 0 0 0.0000 2 0
17 1.5287 39.6999 358.0205 0 0 3.1416 2 0
18 1.5287 -35.1647 332.5475 0 0 3.1416 2 0
18 1.5287 -45.7647 312.5559 0 0 3.1416 2 0
17 1.5287 -35.1647 292.5475 0 0 3.1416 2 0
17 1.5287 -35.1647 272.5475 0 0 3.1416 2 0
19 1.5287 -45.9647 272.5561 0 0 -3.1416 2 0
17 1.5287 -35.1647 252.5475 0 0 3.1416 2 0
20 1.5287 -45.9647 252.5561 0 0 -3.1416 2 0
