ambient 0.5
headlight 0.2
directional 0.6
lightdir -1.0 1.0 1.0
background 150 200 255
clfactors 1.0 1.0 1.0
objtypes 36
data/steer.geo data/steer.col data/noref.ref data/nocl.cld
data/speed.geo data/speed.col data/noref.ref data/nocl.cld
data/dmod.geo data/dmod.col data/noref.ref data/nocl.cld
data/roads.geo data/roads.col data/roads.ref data/road.cld
data/roadlw.geo data/road.col data/roadlw.ref data/road.cld
data/roadln.geo data/road.col data/roadln.ref data/road.cld
data/roadrw.geo data/road.col data/roadrw.ref data/road.cld
data/roadrn.geo data/road.col data/roadrn.ref data/road.cld
data/road25.geo data/road.col data/road25.ref data/road.cld
data/road50.geo data/road.col data/road50.ref data/road.cld
data/road75.geo data/road.col data/road75.ref data/road.cld
data/tunnb.geo data/tunnb.col data/tunnb.ref data/tunnb.cld
data/tunn.geo data/tunn.col data/tunn.ref data/tunn.cld
data/bridgec.geo data/bridgec.col data/bridgstr.ref data/bridgec.cld
data/bridges.geo data/bridges.col data/bridges.ref data/bridges.cld
data/start.geo data/start.col data/start.ref data/nocl.cld
data/tree1.geo data/tree1.col data/tree.ref data/tree.cld
data/tree2.geo data/tree2.col data/tree.ref data/tree.cld
data/vila2.geo data/vila2.col data/vila2.ref data/vila2.cld
data/vila4.geo data/vila4.col data/vila4.ref data/vila4.cld
data/trs.geo data/trs.col data/trs.ref data/trs.cld
data/wind.geo data/wind.col data/wind.ref data/wind.cld
data/prop.geo data/prop.col data/noref.ref data/nocl.cld
data/tree3.geo data/tree3.col data/tree.ref data/nocl.cld
data/glider.geo data/glider.col data/noref.ref data/nocl.cld
data/bridgescl.geo data/bridges.col data/bridgec.ref data/bridgescl.cld
data/loop4r.geo data/loopblue.col data/loop4r.ref data/loop4r.cld
data/loop2r.geo data/loopgreen.col data/loop2r.ref data/loop2r.cld
data/loop1r.geo data/loopred.col data/loop1r.ref data/loop1r.cld
data/loop4l.geo data/loopblue.col data/loop4l.ref data/loop4l.cld
data/loop2l.geo data/loopgreen.col data/loop2l.ref data/loop2l.cld
data/loop1l.geo data/loopred.col data/loop1l.ref data/loop1l.cld
data/corkl.geo data/cork.col data/corkl.ref data/corkl.cld
data/corkr.geo data/cork.col data/corkr.ref data/corkr.cld
data/road11.geo data/road.col data/road11.ref data/road.cld
data/road12.geo data/road.col data/road12.ref data/road.cld
objects 288
16 -1.2000 0.0000 20.0000 0 0 0.0000 2 0
21 -1.2000 0.0000 0.0000 0 0 3.1416 5 0
4 -1.2000 0.0000 0.0000 0 0 -0.0000 1 0
4 -1.2000 0.0000 10.0000 0 0 -0.0000 1 0
4 -1.2000 0.0000 20.0000 0 0 -0.0000 1 0
4 -1.2000 0.0000 30.0000 0 0 -0.0000 1 0
4 -1.2000 0.0000 40.0000 0 0 -0.0000 1 0
8 -1.2000 0.0000 50.0000 0 0 -0.0000 1 0
8 -1.2000 3.7292 59.0031 0 0 -0.7854 1 0
10 -1.2000 12.7323 62.7323 0 0 -1.5708 1 0
5 0.4000 22.7323 62.7323 0 0 -1.5708 1 0
11 -2.0000 41.7159 68.4974 0 0 1.9635 1 0
11 -4.4000 50.9547 72.3243 0 0 1.9635 1 0
6 -4.4000 50.9547 72.3243 0 0 -1.1781 1 0
10 -6.0000 61.6722 88.4537 0 0 2.7489 1 0
10 -7.6000 65.4990 97.6925 0 0 2.7489 1 0
5 -7.6000 65.4990 97.6925 0 0 -0.3927 1 0
5 -7.6000 67.4375 107.4373 0 0 -0.0000 1 0
5 -7.6000 65.4992 117.1821 0 0 0.3927 1 0
11 -7.6000 59.9792 125.4434 0 0 0.7854 1 0
11 -5.2000 52.9082 132.5144 0 0 0.7854 1 0
8 -2.8000 45.8371 139.5855 0 0 0.7854 1 0
9 -2.8000 42.1079 148.5886 0 0 -0.0000 1 0
9 -2.0000 42.1079 158.5886 0 0 -0.0000 1 0
9 -1.2000 42.1079 168.5886 0 0 -0.0000 1 0
4 -0.4000 42.1079 178.5886 0 0 -0.0000 1 0
4 -0.4000 42.1079 188.5886 0 0 -0.0000 1 0
4 -0.4000 42.1079 198.5886 0 0 -0.0000 1 0
4 -0.4000 42.1079 208.5886 0 0 -0.0000 1 0
4 -0.4000 42.1079 218.5886 0 0 -0.0000 1 0
4 -0.4000 42.1079 228.5886 0 0 -0.0000 1 0
4 -0.4000 42.1079 238.5886 0 0 -0.0000 1 0
4 -0.4000 42.1079 248.5886 0 0 -0.0000 1 0
4 -0.4000 42.1079 258.5886 0 0 -0.0000 1 0
4 -0.4000 42.1079 268.5886 0 0 -0.0000 1 0
4 -0.4000 42.1079 278.5886 0 0 -0.0000 1 0
4 -0.4000 42.1079 288.5886 0 0 -0.0000 1 0
4 -0.4000 42.1079 298.5886 0 0 -0.0000 1 0
4 -0.4000 42.1079 308.5886 0 0 -0.0000 1 0
6 -0.4000 42.1079 318.5886 0 0 -0.0000 1 0
6 -0.4000 38.3787 327.5917 0 0 0.7854 1 0
11 -2.8000 19.3756 331.3209 0 0 4.7124 1 0
11 -5.2000 9.3756 331.3209 0 0 4.7124 1 0
11 -7.6000 -0.6244 331.3209 0 0 4.7124 1 0
7 -7.6000 -0.6244 331.3209 0 0 1.5708 1 0
7 -7.6000 -10.3692 333.2592 0 0 1.1781 1 0
7 -7.6000 -18.6305 338.7791 0 0 0.7854 1 0
7 -7.6000 -24.1505 347.0403 0 0 0.3927 1 0
9 -7.6000 -26.0889 356.7851 0 0 -0.0000 1 0
7 -6.8000 -26.0889 366.7851 0 0 -0.0000 1 0
9 -7.6000 -20.3238 385.7687 0 0 2.7489 1 0
9 -8.4000 -16.4970 395.0075 0 0 2.7489 1 0
8 -8.4000 -16.4970 395.0075 0 0 -0.3927 1 0
4 -8.4000 -9.6063 401.8982 0 0 -1.1781 1 0
4 -8.4000 -0.3675 405.7250 0 0 -1.1781 1 0
4 -8.4000 8.8713 409.5519 0 0 -1.1781 1 0
4 -8.4000 18.1101 413.3787 0 0 -1.1781 1 0
4 -8.4000 27.3489 417.2055 0 0 -1.1781 1 0
4 -8.4000 36.5877 421.0324 0 0 -1.1781 1 0
4 -8.4000 45.8265 424.8592 0 0 -1.1781 1 0
9 -8.4000 55.0653 428.6860 0 0 -1.1781 1 0
4 -7.6000 64.3041 432.5129 0 0 -1.1781 1 0
4 -7.6000 73.5429 436.3397 0 0 -1.1781 1 0
4 -7.6000 82.7817 440.1665 0 0 -1.1781 1 0
4 -7.6000 92.0205 443.9934 0 0 -1.1781 1 0
4 -7.6000 101.2592 447.8202 0 0 -1.1781 1 0
4 -7.6000 110.4980 451.6470 0 0 -1.1781 1 0
4 -7.6000 119.7368 455.4739 0 0 -1.1781 1 0
4 -7.6000 128.9756 459.3007 0 0 -1.1781 1 0
4 -7.6000 138.2144 463.1275 0 0 -1.1781 1 0
4 -7.6000 147.4532 466.9544 0 0 -1.1781 1 0
9 -7.6000 156.6920 470.7812 0 0 -1.1781 1 0
10 -6.8000 165.9308 474.6080 0 0 -1.1781 1 0
11 -5.2000 175.1696 478.4349 0 0 -1.1781 1 0
36 -2.8000 184.4084 482.2617 0 0 -1.1781 1 0
35 1.6713 192.6722 485.6847 0 0 -1.1781 1 0
4 8.7424 199.2051 488.3907 0 0 -1.1781 1 0
4 8.7424 208.4439 492.2175 0 0 -1.1781 1 0
12 8.7424 217.6827 496.0443 0 0 -1.1781 1 0
13 8.7424 226.9215 499.8712 0 0 -1.1781 1 0
13 8.7424 236.1603 503.6980 0 0 -1.1781 1 0
13 8.7424 245.3991 507.5248 0 0 -1.1781 1 0
13 8.7424 254.6379 511.3517 0 0 -1.1781 1 0
13 8.7424 263.8766 515.1785 0 0 -1.1781 1 0
12 8.7424 282.3542 522.8322 0 0 1.9635 1 0
4 8.7424 282.3542 522.8322 0 0 -1.1781 1 0
4 8.7424 291.5930 526.6590 0 0 -1.1781 1 0
12 8.7424 300.8318 530.4858 0 0 -1.1781 1 0
13 8.7424 310.0706 534.3127 0 0 -1.1781 1 0
13 8.7424 319.3094 538.1395 0 0 -1.1781 1 0
13 8.7424 328.5482 541.9664 0 0 -1.1781 1 0
13 8.7424 337.7870 545.7932 0 0 -1.1781 1 0
13 8.7424 347.0258 549.6200 0 0 -1.1781 1 0
12 8.7424 365.5034 557.2737 0 0 1.9635 1 0
7 8.7424 365.5034 557.2737 0 0 -1.1781 1 0
7 8.7424 375.2482 559.2121 0 0 -1.5708 1 0
4 8.7424 384.9930 557.2738 0 0 -1.9635 1 0
4 8.7424 394.2318 553.4470 0 0 -1.9635 1 0
4 8.7424 403.4706 549.6201 0 0 -1.9635 1 0
4 8.7424 412.7094 545.7933 0 0 -1.9635 1 0
4 8.7424 421.9482 541.9665 0 0 -1.9635 1 0
9 8.7424 431.1870 538.1396 0 0 -1.9635 1 0
9 9.5424 440.4257 534.3128 0 0 -1.9635 1 0
9 10.3424 449.6645 530.4860 0 0 -1.9635 1 0
4 11.1424 458.9033 526.6591 0 0 -1.9635 1 0
4 11.1424 468.1421 522.8323 0 0 -1.9635 1 0
4 11.1424 477.3809 519.0055 0 0 -1.9635 1 0
33 11.1424 486.6197 515.1786 0 0 -2.0888 1 0
4 11.1424 486.6197 515.1786 0 0 -1.9635 1 0
4 11.1424 495.8585 511.3518 0 0 -1.9635 1 0
4 11.1424 505.0973 507.5249 0 0 -1.9635 1 0
4 11.1424 514.3361 503.6981 0 0 -1.9635 1 0
4 11.1424 523.5749 499.8713 0 0 -1.9635 1 0
4 11.1424 532.8137 496.0444 0 0 -1.9635 1 0
4 11.1424 542.0525 492.2176 0 0 -1.9635 1 0
4 11.1424 551.2913 488.3908 0 0 -1.9635 1 0
4 11.1424 560.5301 484.5639 0 0 -1.9635 1 0
4 11.1424 569.7689 480.7371 0 0 -1.9635 1 0
29 11.1424 579.0077 476.9103 0 0 -1.9635 1 0
4 11.1424 577.0943 472.2909 0 0 -1.9635 1 0
4 11.1424 586.3330 468.4640 0 0 -1.9635 1 0
4 11.1424 595.5718 464.6372 0 0 -1.9635 1 0
4 11.1424 604.8106 460.8104 0 0 -1.9635 1 0
4 11.1424 614.0494 456.9835 0 0 -1.9635 1 0
36 6.6711 631.5521 449.7337 0 0 1.1781 1 0
35 -0.4000 638.0849 447.0277 0 0 1.1781 1 0
35 -7.4711 644.6177 444.3217 0 0 1.1781 1 0
36 -11.9424 652.8816 440.8987 0 0 1.1781 1 0
12 -11.9424 652.8816 440.8987 0 0 -1.9635 1 0
13 -11.9424 662.1204 437.0719 0 0 -1.9635 1 0
13 -11.9424 671.3592 433.2451 0 0 -1.9635 1 0
13 -11.9424 680.5980 429.4182 0 0 -1.9635 1 0
12 -11.9424 699.0755 421.7645 0 0 1.1781 1 0
4 -11.9424 699.0755 421.7645 0 0 -1.9635 1 0
4 -11.9424 708.3143 417.9377 0 0 -1.9635 1 0
36 -16.4137 725.8170 410.6879 0 0 1.1781 1 0
35 -23.4848 732.3498 407.9819 0 0 1.1781 1 0
35 -30.5559 738.8826 405.2759 0 0 1.1781 1 0
35 -37.6270 745.4155 402.5699 0 0 1.1781 1 0
35 -44.6981 751.9483 399.8639 0 0 1.1781 1 0
35 -51.7692 758.4812 397.1579 0 0 1.1781 1 0
35 -58.8403 765.0140 394.4519 0 0 1.1781 1 0
35 -65.9114 771.5469 391.7459 0 0 1.1781 1 0
35 -72.9825 778.0797 389.0399 0 0 1.1781 1 0
35 -80.0536 784.6126 386.3339 0 0 1.1781 1 0
35 -87.1247 791.1454 383.6280 0 0 1.1781 1 0
36 -91.5960 799.4092 380.2050 0 0 1.1781 1 0
11 -93.9960 808.6480 376.3781 0 0 1.1781 1 0
10 -95.5960 817.8868 372.5513 0 0 1.1781 1 0
9 -96.3960 827.1256 368.7245 0 0 1.1781 1 0
4 -96.3960 827.1256 368.7245 0 0 -1.9635 1 0
4 -96.3960 836.3644 364.8976 0 0 -1.9635 1 0
4 -96.3960 845.6032 361.0708 0 0 -1.9635 1 0
9 -96.3960 854.8420 357.2440 0 0 -1.9635 1 0
10 -95.5960 864.0808 353.4171 0 0 -1.9635 1 0
11 -93.9960 873.3196 349.5903 0 0 -1.9635 1 0
36 -91.5960 882.5584 345.7635 0 0 -1.9635 1 0
35 -87.1247 890.8222 342.3405 0 0 -1.9635 1 0
6 -80.0536 897.3550 339.6345 0 0 -1.9635 1 0
6 -80.0536 907.0999 339.6345 0 0 -1.1781 1 0
6 -80.0536 913.9906 346.5251 0 0 -0.3927 1 0
6 -80.0536 913.9906 356.2700 0 0 0.3927 1 0
4 -80.0536 907.0999 363.1607 0 0 1.1781 1 0
4 -80.0536 897.8611 366.9875 0 0 1.1781 1 0
4 -80.0536 888.6224 370.8144 0 0 1.1781 1 0
4 -80.0536 879.3836 374.6412 0 0 1.1781 1 0
4 -80.0536 870.1448 378.4680 0 0 1.1781 1 0
7 -80.0536 860.9060 382.2949 0 0 1.1781 1 0
7 -80.0536 852.6447 387.8148 0 0 0.7854 1 0
7 -80.0536 847.1247 396.0760 0 0 0.3927 1 0
7 -80.0536 845.1863 405.8208 0 0 0.0000 1 0
10 -80.0536 847.1246 415.5656 0 0 -0.3927 1 0
11 -78.4536 850.9514 424.8044 0 0 -0.3927 1 0
11 -76.0536 854.7782 434.0432 0 0 -0.3927 1 0
36 -73.6536 858.6051 443.2819 0 0 -0.3927 1 0
11 -69.1823 862.0280 451.5458 0 0 -0.3927 1 0
11 -66.7823 865.8549 460.7846 0 0 -0.3927 1 0
11 -64.3823 869.6817 470.0234 0 0 -0.3927 1 0
36 -61.9823 873.5085 479.2622 0 0 -0.3927 1 0
36 -57.5110 876.9315 487.5260 0 0 -0.3927 1 0
10 -53.0397 880.3545 495.7898 0 0 -0.3927 1 0
10 -51.4397 884.1814 505.0286 0 0 -0.3927 1 0
10 -49.8397 888.0082 514.2674 0 0 -0.3927 1 0
4 -48.2397 891.8350 523.5062 0 0 -0.3927 1 0
4 -48.2397 895.6619 532.7450 0 0 -0.3927 1 0
4 -48.2397 899.4887 541.9838 0 0 -0.3927 1 0
4 -48.2397 903.3155 551.2226 0 0 -0.3927 1 0
4 -48.2397 907.1424 560.4614 0 0 -0.3927 1 0
4 -48.2397 910.9692 569.7002 0 0 -0.3927 1 0
4 -48.2397 914.7960 578.9390 0 0 -0.3927 1 0
4 -48.2397 918.6229 588.1778 0 0 -0.3927 1 0
4 -48.2397 922.4497 597.4166 0 0 -0.3927 1 0
4 -48.2397 926.2765 606.6554 0 0 -0.3927 1 0
21 -48.2397 930.1034 615.8941 0 0 -0.3927 5 0
16 -48.2397 922.4497 597.4166 0 0 -0.3927 2 0
19 -1.2000 -8.0000 40.0064 0 0 3.1416 2 0
19 -1.2000 8.0000 39.9936 0 0 -0.0000 2 0
20 -1.2000 -1.9231 64.6645 0 0 2.3562 2 0
17 0.0000 22.7365 68.0323 0 0 1.5708 2 0
24 0.0000 22.7281 57.4323 0 0 1.5708 2 0
17 -2.6000 39.6916 73.3956 0 0 1.1781 2 0
17 -2.6000 43.7402 63.5993 0 0 1.1781 2 0
24 -5.0000 52.9504 81.2471 0 0 0.3927 2 0
24 -5.0000 62.7403 77.1828 0 0 0.3927 2 0
24 -8.0000 60.6041 99.7247 0 0 0.3927 2 0
24 -8.0000 70.3940 95.6604 0 0 0.3927 2 0
19 -7.6000 58.1057 114.1265 0 0 3.5343 2 0
24 -7.6000 70.3973 119.2064 0 0 -0.3927 2 0
24 -5.8000 49.1575 128.7698 0 0 -0.7854 2 0
24 -5.8000 56.6588 136.2591 0 0 -0.7854 2 0
24 -3.4000 36.8079 148.5928 0 0 0.0000 2 0
24 -3.4000 47.4079 148.5844 0 0 0.0000 2 0
17 -1.4000 36.8079 168.5928 0 0 0.0000 2 0
24 -1.4000 47.4079 168.5844 0 0 0.0000 2 0
18 -0.6000 47.4079 188.5844 0 0 0.0000 2 0
18 -0.4000 36.8079 208.5928 0 0 0.0000 2 0
24 -0.4000 47.4079 208.5844 0 0 0.0000 2 0
19 -0.4000 34.1079 228.5950 0 0 3.1416 2 0
24 -0.4000 47.4079 228.5844 0 0 0.0000 2 0
24 -0.4000 36.8079 248.5928 0 0 0.0000 2 0
24 -0.4000 47.4079 248.5844 0 0 0.0000 2 0
18 -0.4000 36.8079 268.5928 0 0 0.0000 2 0
24 -0.4000 47.4079 268.5844 0 0 0.0000 2 0
24 -0.4000 36.8079 288.5928 0 0 0.0000 2 0
24 -0.4000 36.8079 308.5928 0 0 0.0000 2 0
24 -0.4000 47.4079 308.5844 0 0 0.0000 2 0
18 -0.4000 34.6280 323.8470 0 0 -0.7854 2 0
18 -0.4000 42.1293 331.3364 0 0 -0.7854 2 0
17 -3.4000 19.3714 326.0209 0 0 -1.5708 2 0
24 -3.4000 19.3798 336.6209 0 0 -1.5708 2 0
24 -8.2000 -0.6202 336.6209 0 0 -1.5708 2 0
24 -7.6000 -22.3811 335.0345 0 0 -0.7854 2 0
17 -7.6000 -14.8798 342.5238 0 0 -0.7854 2 0
24 -7.8000 -31.3889 356.7893 0 0 0.0000 2 0
17 -7.0000 -29.0456 378.5620 0 0 0.3927 2 0
24 -7.0000 -19.2557 374.4978 0 0 0.3927 2 0
17 -8.6000 -21.3919 397.0396 0 0 0.3927 2 0
24 -8.6000 -11.6020 392.9754 0 0 0.3927 2 0
24 -8.4000 20.1344 408.4805 0 0 1.1781 2 0
19 -8.4000 33.5321 428.4258 0 0 1.9635 2 0
24 -8.6000 53.0409 433.5842 0 0 1.1781 2 0
17 -8.6000 57.0896 423.7878 0 0 1.1781 2 0
24 -7.8000 71.5185 441.2379 0 0 1.1781 2 0
19 -7.6000 88.9649 451.3868 0 0 1.9635 2 0
19 -7.6000 95.0760 436.5999 0 0 -1.1781 2 0
24 -7.6000 112.5224 446.7489 0 0 1.1781 2 0
19 -7.6000 125.9201 466.6942 0 0 1.9635 2 0
24 -7.6000 131.0000 454.4025 0 0 1.1781 2 0
24 -7.6000 145.4289 471.8525 0 0 1.1781 2 0
24 -7.2000 163.9065 479.5062 0 0 1.1781 2 0
24 -7.2000 167.9551 469.7099 0 0 1.1781 2 0
24 8.7424 382.9609 552.3789 0 0 1.9635 2 0
24 8.7424 405.5027 554.5151 0 0 1.9635 2 0
19 8.7424 400.4032 542.2315 0 0 -1.9635 2 0
19 8.7424 425.0155 549.3551 0 0 1.1781 2 0
24 8.7424 419.9160 537.0715 0 0 1.9635 2 0
18 9.3424 438.3936 529.4178 0 0 1.9635 2 0
24 10.9424 460.9355 531.5541 0 0 1.9635 2 0
24 10.9424 456.8712 521.7642 0 0 1.9635 2 0
24 11.1424 525.6070 504.7662 0 0 1.9635 2 0
24 11.1424 521.5428 494.9763 0 0 1.9635 2 0
19 11.1424 545.1198 499.6062 0 0 1.1781 2 0
20 11.1424 563.5974 491.9525 0 0 1.1781 2 0
20 11.1424 557.4627 477.1753 0 0 -1.9635 2 0
19 11.1424 607.8780 468.1990 0 0 1.1781 2 0
19 11.1424 601.7433 453.4218 0 0 -1.9635 2 0
24 -96.7960 825.0935 363.8295 0 0 1.9635 2 0
24 -96.3960 847.6353 365.9657 0 0 1.9635 2 0
19 -96.3960 842.5358 353.6822 0 0 -1.9635 2 0
24 -95.9960 866.1129 358.3121 0 0 1.9635 2 0
24 -95.9960 862.0487 348.5222 0 0 1.9635 2 0
20 -80.0536 906.6020 349.5925 0 0 2.7489 2 0
18 -80.0536 918.8856 344.4930 0 0 0.3927 2 0
24 -80.0536 905.0678 358.2657 0 0 -1.1781 2 0
24 -80.0536 886.5902 365.9194 0 0 -1.1781 2 0
19 -80.0536 891.6897 378.2030 0 0 1.1781 2 0
19 -80.0536 867.0774 371.0794 0 0 4.3197 2 0
24 -80.0536 872.1769 383.3630 0 0 -1.1781 2 0
19 -80.0536 846.9833 382.1624 0 0 3.9270 2 0
24 -80.0536 839.8863 405.8250 0 0 -0.0000 2 0
20 -80.0536 853.1863 405.8144 0 0 0.0000 2 0
18 -79.0536 846.0564 426.8365 0 0 0.3927 2 0
17 -50.2397 883.1133 516.2995 0 0 0.3927 2 0
17 -48.6397 900.5568 530.7129 0 0 0.3927 2 0
24 -48.2397 898.4206 553.2547 0 0 0.3927 2 0
24 -48.2397 908.2105 549.1905 0 0 0.3927 2 0
19 -48.2397 911.2343 591.2451 0 0 2.7489 2 0
24 -48.2397 923.5178 586.1456 0 0 0.3927 2 0
