ambient 0.5
headlight 0.2
directional 0.6
lightdir -1.0 1.0 1.0
background 190 200 225
clfactors 1.0 1.0 1.0
objtypes 49
data/steer.geo data/steer.col data/noref.ref data/nocl.cld
data/speed.geo data/speed.col data/noref.ref data/nocl.cld
data/dmod.geo data/dmod.col data/noref.ref data/nocl.cld
data/roads.geo data/roads.col data/roads.ref data/road.cld
data/roadlw.geo data/road.col data/roadlw.ref data/road.cld
data/roadln.geo data/road.col data/roadln.ref data/road.cld
data/roadrw.geo data/road.col data/roadrw.ref data/road.cld
data/roadrn.geo data/road.col data/roadrn.ref data/road.cld
data/road25.geo data/road.col data/road25.ref data/road.cld
data/road50.geo data/road.col data/road50.ref data/road.cld
data/road75.geo data/road.col data/road75.ref data/road.cld
data/tunnb.geo data/tunnb.col data/tunnb.ref data/tunnb.cld
data/tunn.geo data/tunn.col data/tunn.ref data/tunn.cld
data/bridgec.geo data/bridgec.col data/bridgstr.ref data/bridgec.cld
data/bridges.geo data/bridges.col data/bridges.ref data/bridges.cld
data/start.geo data/start.col data/start.ref data/nocl.cld
data/tree1.geo data/tree1.col data/tree.ref data/tree.cld
data/tree2.geo data/tree2.col data/tree.ref data/tree.cld
data/vila2.geo data/vila2.col data/vila2.ref data/vila2.cld
data/vila4.geo data/vila4.col data/vila4.ref data/vila4.cld
data/trs.geo data/trs.col data/trs.ref data/trs.cld
data/wind.geo data/wind.col data/wind.ref data/wind.cld
data/prop.geo data/prop.col data/noref.ref data/nocl.cld
data/tree3.geo data/tree3.col data/tree.ref data/nocl.cld
data/glider.geo data/glider.col data/noref.ref data/nocl.cld
data/bridgescl.geo data/bridges.col data/bridgec.ref data/bridgescl.cld
data/loop4r.geo data/loopblue.col data/loop4r.ref data/loop4r.cld
data/loop2r.geo data/loopgreen.col data/loop2r.ref data/loop2r.cld
data/loop1r.geo data/loopred.col data/loop1r.ref data/loop1r.cld
data/loop4l.geo data/loopblue.col data/loop4l.ref data/loop4l.cld
data/loop2l.geo data/loopgreen.col data/loop2l.ref data/loop2l.cld
data/loop1l.geo data/loopred.col data/loop1l.ref data/loop1l.cld
data/corkl.geo data/cork.col data/corkl.ref data/corkl.cld
data/corkr.geo data/cork.col data/corkr.ref data/corkr.cld
data/road11.geo data/road.col data/road11.ref data/road.cld
data/road12.geo data/road.col data/road12.ref data/road.cld
data/roadhill.geo data/roadhill.col data/roads.ref data/roadhill.cld
data/roadhl25.geo data/road.col data/roadhl25.ref data/road.cld
data/roadhr25.geo data/road.col data/roadhr25.ref data/road.cld
data/roadhl50.geo data/road.col data/roadhl50.ref data/road.cld
data/roadhr50.geo data/road.col data/roadhr50.ref data/road.cld
data/roadhl75.geo data/road.col data/roadhl75.ref data/road.cld
data/roadhr75.geo data/road.col data/roadhr75.ref data/road.cld
data/wroads.geo data/wroads.col data/wroads.ref data/wroad.cld
data/wroadl.geo data/wroad.col data/wroadl.ref data/wroad.cld
data/roadch.geo data/roadch.col data/roadch.ref data/roadch.cld
data/ter.geo data/ter.col data/ter.ref data/ter.cld
data/ter1.geo data/ter1.col data/ter1.ref data/ter1.cld
data/ter2.geo data/ter2.col data/ter2.ref data/ter2.cld
objects 262
16 -1.2000 0.0000 20.0000 0 0 0.0000 2 0
21 -1.2000 0.0000 0.0000 0 0 3.1416 5 0
4 -1.2000 0.0000 0.0000 0 0 -0.0000 1 0
4 -1.2000 0.0000 10.0000 0 0 -0.0000 1 0
4 -1.2000 0.0000 20.0000 0 0 -0.0000 1 0
47 -1.2000 0.0000 30.0000 0 0 -0.0000 1 0
48 -1.2000 0.0000 70.0000 0 0 -0.0000 1 0
48 -1.2000 0.0000 110.0000 0 0 -0.0000 1 0
49 -1.2000 0.0000 150.0000 0 0 -0.0000 1 0
9 -1.2000 0.0000 190.0000 0 0 -0.0000 1 0
10 -0.4000 0.0000 200.0000 0 0 -0.0000 1 0
11 1.2000 0.0000 210.0000 0 0 -0.0000 1 0
4 3.6000 0.0000 220.0000 0 0 -0.0000 1 0
4 3.6000 0.0000 230.0000 0 0 -0.0000 1 0
4 3.6000 0.0000 240.0000 0 0 -0.0000 1 0
4 3.6000 0.0000 250.0000 0 0 -0.0000 1 0
36 -0.8713 0.0000 268.9447 0 0 3.1416 1 0
35 -7.9424 0.0000 276.0158 0 0 3.1416 1 0
36 -12.4137 0.0000 284.9605 0 0 3.1416 1 0
4 -12.4137 0.0000 284.9605 0 0 -0.0000 1 0
4 -12.4137 0.0000 294.9605 0 0 -0.0000 1 0
4 -12.4137 0.0000 304.9605 0 0 -0.0000 1 0
4 -12.4137 0.0000 314.9605 0 0 -0.0000 1 0
4 -12.4137 0.0000 324.9605 0 0 -0.0000 1 0
4 -12.4137 0.0000 334.9605 0 0 -0.0000 1 0
4 -12.4137 0.0000 344.9605 0 0 -0.0000 1 0
4 -12.4137 0.0000 354.9605 0 0 -0.0000 1 0
4 -12.4137 0.0000 364.9605 0 0 -0.0000 1 0
4 -12.4137 0.0000 374.9605 0 0 -0.0000 1 0
37 -12.4137 0.0000 384.9605 0 0 -0.0000 1 0
6 -12.4137 0.0000 394.9605 0 0 -0.0000 1 0
6 -12.4137 -3.7292 403.9636 0 0 0.7854 1 0
6 -12.4137 -12.7323 407.6928 0 0 1.5708 1 0
6 -12.4137 -21.7354 403.9636 0 0 2.3562 1 0
9 -12.4137 -25.4646 394.9605 0 0 3.1416 1 0
4 -11.6137 -25.4646 384.9605 0 0 3.1416 1 0
4 -11.6137 -25.4646 374.9605 0 0 3.1416 1 0
4 -11.6137 -25.4646 364.9605 0 0 3.1416 1 0
4 -11.6137 -25.4646 354.9605 0 0 3.1416 1 0
4 -11.6137 -25.4646 344.9605 0 0 3.1416 1 0
8 -11.6137 -25.4646 334.9605 0 0 3.1416 1 0
8 -11.6137 -29.1938 325.9574 0 0 2.3562 1 0
8 -11.6137 -38.1969 322.2282 0 0 1.5708 1 0
8 -11.6137 -47.2000 325.9574 0 0 0.7854 1 0
9 -11.6137 -50.9292 334.9605 0 0 0.0000 1 0
4 -10.8137 -50.9292 344.9605 0 0 0.0000 1 0
4 -10.8137 -50.9292 354.9605 0 0 0.0000 1 0
4 -10.8137 -50.9292 364.9605 0 0 0.0000 1 0
4 -10.8137 -50.9292 374.9605 0 0 0.0000 1 0
4 -10.8137 -50.9292 384.9605 0 0 0.0000 1 0
4 -10.8137 -50.9292 394.9605 0 0 0.0000 1 0
4 -10.8137 -50.9292 404.9605 0 0 0.0000 1 0
7 -10.8137 -50.9292 414.9605 0 0 0.0000 1 0
7 -10.8137 -48.9909 424.7053 0 0 -0.3927 1 0
7 -10.8137 -43.4710 432.9666 0 0 -0.7854 1 0
4 -10.8137 -35.2098 438.4866 0 0 -1.1781 1 0
4 -10.8137 -25.9710 442.3134 0 0 -1.1781 1 0
4 -10.8137 -16.7322 446.1403 0 0 -1.1781 1 0
4 -10.8137 -7.4934 449.9671 0 0 -1.1781 1 0
4 -10.8137 1.7454 453.7939 0 0 -1.1781 1 0
4 -10.8137 10.9842 457.6208 0 0 -1.1781 1 0
4 -10.8137 20.2230 461.4476 0 0 -1.1781 1 0
4 -10.8137 29.4618 465.2744 0 0 -1.1781 1 0
36 -10.8137 38.7006 469.1013 0 0 -1.1781 1 0
35 -6.3424 46.9644 472.5242 0 0 -1.1781 1 0
7 0.7287 53.4973 475.2302 0 0 -1.1781 1 0
7 0.7287 63.2420 477.1687 0 0 -1.5708 1 0
7 0.7287 72.9868 475.2304 0 0 -1.9635 1 0
4 0.7287 81.2481 469.7104 0 0 -2.3562 1 0
4 0.7287 88.3192 462.6394 0 0 -2.3562 1 0
4 0.7287 95.3902 455.5683 0 0 -2.3562 1 0
4 0.7287 102.4613 448.4972 0 0 -2.3562 1 0
4 0.7287 109.5324 441.4262 0 0 -2.3562 1 0
4 0.7287 116.6034 434.3551 0 0 -2.3562 1 0
4 0.7287 123.6745 427.2840 0 0 -2.3562 1 0
4 0.7287 130.7456 420.2129 0 0 -2.3562 1 0
4 0.7287 137.8166 413.1419 0 0 -2.3562 1 0
4 0.7287 144.8877 406.0708 0 0 -2.3562 1 0
4 0.7287 151.9588 398.9997 0 0 -2.3562 1 0
28 0.7287 159.0298 391.9287 0 0 -2.3562 1 0
36 -3.7426 161.8192 382.0683 0 0 0.7854 1 0
11 -6.1426 168.8902 374.9972 0 0 0.7854 1 0
10 -7.7426 175.9613 367.9261 0 0 0.7854 1 0
4 -7.7426 175.9613 367.9261 0 0 -2.3562 1 0
4 -7.7426 183.0324 360.8551 0 0 -2.3562 1 0
4 -7.7426 190.1034 353.7840 0 0 -2.3562 1 0
4 -7.7426 197.1745 346.7129 0 0 -2.3562 1 0
4 -7.7426 204.2456 339.6419 0 0 -2.3562 1 0
4 -7.7426 211.3166 332.5708 0 0 -2.3562 1 0
4 -7.7426 218.3877 325.4997 0 0 -2.3562 1 0
8 -7.7426 225.4588 318.4287 0 0 -2.3562 1 0
8 -7.7426 229.1880 309.4256 0 0 -3.1416 1 0
8 -7.7426 225.4588 300.4225 0 0 -3.9270 1 0
4 -7.7426 216.4557 296.6933 0 0 -4.7124 1 0
4 -7.7426 206.4557 296.6933 0 0 -4.7124 1 0
4 -7.7426 196.4557 296.6933 0 0 -4.7124 1 0
4 -7.7426 186.4557 296.6933 0 0 -4.7124 1 0
4 -7.7426 176.4557 296.6933 0 0 -4.7124 1 0
4 -7.7426 166.4557 296.6933 0 0 -4.7124 1 0
4 -7.7426 156.4557 296.6933 0 0 -4.7124 1 0
8 -7.7426 146.4557 296.6933 0 0 -4.7124 1 0
8 -7.7426 137.4526 300.4225 0 0 -5.4978 1 0
4 -7.7426 133.7234 309.4256 0 0 -6.2832 1 0
14 -7.7426 133.7234 319.4256 0 0 -6.2832 1 0
26 -5.3426 133.7234 329.4256 0 0 -6.2832 1 0
26 -2.9426 133.7234 339.4256 0 0 -6.2832 1 0
26 -0.5426 133.7234 349.4256 0 0 -6.2832 1 0
26 1.8574 133.7234 359.4256 0 0 -6.2832 1 0
26 4.2574 133.7234 369.4256 0 0 -6.2832 1 0
26 6.6574 133.7234 379.4256 0 0 -6.2832 1 0
15 9.0574 133.7234 389.4256 0 0 -6.2832 1 0
15 9.0574 133.7234 399.4256 0 0 -6.2832 1 0
15 9.0574 133.7234 409.4256 0 0 -6.2832 1 0
15 9.0574 133.7234 419.4256 0 0 -6.2832 1 0
15 9.0574 133.7234 429.4256 0 0 -6.2832 1 0
15 9.0574 133.7234 439.4256 0 0 -6.2832 1 0
15 9.0574 133.7234 449.4256 0 0 -6.2832 1 0
15 9.0574 133.7234 459.4256 0 0 -6.2832 1 0
15 9.0574 133.7234 469.4256 0 0 -6.2832 1 0
15 9.0574 133.7234 479.4256 0 0 -6.2832 1 0
15 9.0574 133.7234 489.4256 0 0 -6.2832 1 0
15 9.0574 133.7234 499.4256 0 0 -6.2832 1 0
15 9.0574 133.7234 509.4256 0 0 -6.2832 1 0
15 9.0574 133.7234 519.4256 0 0 -6.2832 1 0
15 9.0574 133.7234 529.4256 0 0 -6.2832 1 0
15 9.0574 133.7234 539.4256 0 0 -6.2832 1 0
15 9.0574 133.7234 549.4256 0 0 -6.2832 1 0
15 9.0574 133.7234 559.4256 0 0 -6.2832 1 0
15 9.0574 133.7234 569.4256 0 0 -6.2832 1 0
15 9.0574 133.7235 579.4256 0 0 -6.2832 1 0
14 6.6574 133.7235 599.4256 0 0 -3.1416 1 0
4 6.6574 133.7235 599.4256 0 0 -6.2832 1 0
4 6.6574 133.7235 609.4256 0 0 -6.2832 1 0
4 6.6574 133.7235 619.4256 0 0 -6.2832 1 0
4 6.6574 133.7235 629.4256 0 0 -6.2832 1 0
4 6.6574 133.7235 639.4256 0 0 -6.2832 1 0
4 6.6574 133.7235 649.4256 0 0 -6.2832 1 0
4 6.6574 133.7235 659.4256 0 0 -6.2832 1 0
4 6.6574 133.7235 669.4256 0 0 -6.2832 1 0
4 6.6574 133.7235 679.4256 0 0 -6.2832 1 0
4 6.6574 133.7235 689.4256 0 0 -6.2832 1 0
36 2.1861 133.7235 708.3703 0 0 -3.1416 1 0
37 2.1861 133.7235 718.3703 0 0 -3.1416 1 0
4 2.1861 133.7235 718.3703 0 0 -6.2832 1 0
36 -2.2852 133.7235 737.3150 0 0 -3.1416 1 0
4 -2.2852 133.7235 737.3150 0 0 -6.2832 1 0
36 -6.7565 133.7235 756.2597 0 0 -3.1416 1 0
4 -6.7565 133.7235 756.2597 0 0 -6.2832 1 0
4 -6.7565 133.7235 766.2597 0 0 -6.2832 1 0
4 -6.7565 133.7235 776.2597 0 0 -6.2832 1 0
4 -6.7565 133.7235 786.2597 0 0 -6.2832 1 0
4 -6.7565 133.7235 796.2597 0 0 -6.2832 1 0
4 -6.7565 133.7235 806.2597 0 0 -6.2832 1 0
4 -6.7565 133.7235 816.2597 0 0 -6.2832 1 0
4 -6.7565 133.7235 826.2597 0 0 -6.2832 1 0
4 -6.7565 133.7235 836.2597 0 0 -6.2832 1 0
4 -6.7565 133.7235 846.2597 0 0 -6.2832 1 0
5 -6.7565 133.7235 856.2597 0 0 -6.2832 1 0
5 -6.7565 131.7852 866.0045 0 0 -5.8905 1 0
5 -6.7565 126.2653 874.2657 0 0 -5.4978 1 0
5 -6.7565 118.0041 879.7858 0 0 -5.1051 1 0
5 -6.7565 108.2593 881.7242 0 0 -4.7124 1 0
5 -6.7565 98.5145 879.7859 0 0 -4.3197 1 0
5 -6.7565 90.2533 874.2660 0 0 -3.9270 1 0
4 -6.7565 84.7332 866.0048 0 0 -3.5343 1 0
4 -6.7565 80.9064 856.7660 0 0 -3.5343 1 0
4 -6.7565 77.0796 847.5272 0 0 -3.5343 1 0
4 -6.7565 73.2527 838.2884 0 0 -3.5343 1 0
4 -6.7565 69.4259 829.0496 0 0 -3.5343 1 0
4 -6.7565 65.5991 819.8108 0 0 -3.5343 1 0
4 -6.7565 61.7722 810.5720 0 0 -3.5343 1 0
4 -6.7565 57.9454 801.3332 0 0 -3.5343 1 0
4 -6.7565 54.1185 792.0944 0 0 -3.5343 1 0
21 -6.7565 50.2917 782.8556 0 0 -3.5343 5 0
16 -6.7565 57.9454 801.3332 0 0 -3.5343 2 0
18 3.0000 -5.3000 220.0042 0 0 0.0000 2 0
18 3.0000 5.3000 219.9958 0 0 0.0000 2 0
17 3.6000 -5.3000 240.0042 0 0 0.0000 2 0
17 3.6000 5.3000 239.9958 0 0 0.0000 2 0
18 -12.4137 5.3000 314.9563 0 0 0.0000 2 0
18 -12.4137 -5.3000 334.9647 0 0 0.0000 2 0
18 -12.4137 5.3000 334.9563 0 0 0.0000 2 0
18 -12.4137 -5.3000 354.9647 0 0 0.0000 2 0
19 -12.4137 -8.0000 374.9669 0 0 3.1416 2 0
20 -12.4137 8.0000 374.9541 0 0 -0.0000 2 0
17 -12.4137 -5.3000 394.9647 0 0 0.0000 2 0
18 -12.4137 5.3000 394.9563 0 0 0.0000 2 0
17 -12.4137 -12.7365 402.3928 0 0 -1.5708 2 0
18 -12.4137 -12.7281 412.9928 0 0 -1.5708 2 0
18 -12.6137 -20.1646 394.9563 0 0 -3.1416 2 0
18 -12.6137 -30.7646 394.9647 0 0 -3.1416 2 0
17 -11.8137 -20.1646 374.9563 0 0 -3.1416 2 0
24 -11.8137 -30.7646 374.9647 0 0 -3.1416 2 0
18 -11.6137 -20.1646 354.9563 0 0 -3.1416 2 0
20 -11.6137 -17.4646 334.9541 0 0 6.2832 2 0
18 -11.6137 -30.7646 334.9647 0 0 -3.1416 2 0
17 -11.6137 -38.2011 316.9282 0 0 -1.5708 2 0
18 -11.6137 -38.1927 327.5282 0 0 -1.5708 2 0
18 -11.8137 -45.6292 334.9563 0 0 -0.0000 2 0
17 -11.0137 -56.2292 354.9647 0 0 -0.0000 2 0
17 -11.0137 -45.6292 354.9563 0 0 -0.0000 2 0
19 -10.8137 -42.9292 374.9541 0 0 0.0000 2 0
20 -10.8137 -58.9292 394.9669 0 0 3.1416 2 0
19 -10.8137 -42.9292 394.9541 0 0 0.0000 2 0
18 -10.8137 -56.2292 414.9647 0 0 -0.0000 2 0
17 -10.8137 -45.6292 414.9563 0 0 -0.0000 2 0
19 -10.8137 -49.1233 438.6279 0 0 2.3562 2 0
20 -10.8137 -37.8186 427.3052 0 0 -0.7854 2 0
19 -10.8137 -29.0266 449.7069 0 0 1.9635 2 0
24 -10.8137 -23.9467 437.4152 0 0 1.1781 2 0
20 -10.8137 -10.5490 457.3606 0 0 1.9635 2 0
18 -10.8137 -5.4691 445.0689 0 0 1.1781 2 0
17 -10.8137 8.9599 462.5189 0 0 1.1781 2 0
18 -10.8137 13.0085 452.7226 0 0 1.1781 2 0
18 -10.8137 27.4375 470.1726 0 0 1.1781 2 0
17 0.7287 84.9988 473.4551 0 0 2.3562 2 0
17 0.7287 77.4975 465.9657 0 0 2.3562 2 0
18 0.7287 99.1409 459.3130 0 0 2.3562 2 0
18 0.7287 113.2830 445.1708 0 0 2.3562 2 0
17 0.7287 105.7817 437.6815 0 0 2.3562 2 0
18 0.7287 127.4252 431.0287 0 0 2.3562 2 0
18 0.7287 141.5673 416.8866 0 0 2.3562 2 0
18 0.7287 134.0660 409.3972 0 0 2.3562 2 0
18 -8.1426 186.7830 364.5998 0 0 2.3562 2 0
17 -8.1426 179.2817 357.1104 0 0 2.3562 2 0
17 -7.7426 200.9251 350.4576 0 0 2.3562 2 0
17 -7.7426 193.4239 342.9683 0 0 2.3562 2 0
20 -7.7426 216.9780 338.2231 0 0 0.7854 2 0
18 -7.7426 229.2094 322.1733 0 0 2.3562 2 0
17 -7.7426 229.2035 296.6718 0 0 3.9270 2 0
20 -7.7426 219.8064 306.0838 0 0 -3.9270 2 0
17 -7.7426 206.4515 291.3933 0 0 4.7124 2 0
18 -7.7426 206.4599 301.9933 0 0 4.7124 2 0
20 -7.7426 166.4621 304.6933 0 0 -4.7124 2 0
18 -7.7426 146.4515 291.3933 0 0 4.7124 2 0
17 -7.7426 146.4599 301.9933 0 0 4.7124 2 0
20 -7.7426 125.7234 309.4319 0 0 -3.1416 2 0
20 -7.7426 141.7234 309.4192 0 0 -6.2832 2 0
18 6.6574 128.4235 629.4298 0 0 6.2832 2 0
18 6.6574 139.0235 629.4214 0 0 6.2832 2 0
20 6.6574 125.7235 649.4319 0 0 -3.1416 2 0
17 6.6574 139.0235 649.4214 0 0 6.2832 2 0
17 6.6574 128.4235 669.4298 0 0 6.2832 2 0
17 6.6574 128.4235 689.4298 0 0 6.2832 2 0
18 6.6574 139.0235 689.4214 0 0 6.2832 2 0
17 -6.7565 139.0235 786.2555 0 0 6.2832 2 0
17 -6.7565 128.4235 806.2639 0 0 6.2832 2 0
17 -6.7565 128.4235 826.2639 0 0 6.2832 2 0
20 -6.7565 141.7235 826.2533 0 0 -6.2832 2 0
17 -6.7565 128.4235 846.2639 0 0 6.2832 2 0
19 -6.7565 141.7235 846.2533 0 0 -6.2832 2 0
20 -6.7565 124.3918 862.9489 0 0 -2.7489 2 0
19 -6.7565 139.1787 869.0601 0 0 -5.8905 2 0
20 -6.7565 121.0715 887.1744 0 0 -5.1051 2 0
18 -6.7565 96.4902 884.6841 0 0 4.3197 2 0
20 -6.7565 92.1218 862.9374 0 0 -0.3927 2 0
18 -6.7565 81.9745 845.4951 0 0 3.5343 2 0
19 -6.7565 69.6910 850.5945 0 0 -3.5343 2 0
17 -6.7565 74.3208 827.0175 0 0 3.5343 2 0
18 -6.7565 64.5309 831.0817 0 0 3.5343 2 0
17 -6.7565 66.6672 808.5399 0 0 3.5343 2 0
18 -6.7565 56.8773 812.6041 0 0 3.5343 2 0
