ambient 0.6
headlight 0.0
directional 1.1
lightdir -0.5 -1.4 0.3
background 250 200 170
clfactors 1.1 0.95 0.9
objtypes 49
data/steer.geo data/steer.col data/noref.ref data/nocl.cld
data/speed.geo data/speed.col data/noref.ref data/nocl.cld
data/dmod.geo data/dmod.col data/noref.ref data/nocl.cld
data/roads.geo data/roads.col data/roads.ref data/road.cld
data/roadlw.geo data/road.col data/roadlw.ref data/road.cld
data/roadln.geo data/road.col data/roadln.ref data/road.cld
data/roadrw.geo data/road.col data/roadrw.ref data/road.cld
data/roadrn.geo data/road.col data/roadrn.ref data/road.cld
data/road25.geo data/road.col data/road25.ref data/road.cld
data/road50.geo data/road.col data/road50.ref data/road.cld
data/road75.geo data/road.col data/road75.ref data/road.cld
data/tunnb.geo data/tunnb.col data/tunnb.ref data/tunnb.cld
data/tunn.geo data/tunn.col data/tunn.ref data/tunn.cld
data/bridgec.geo data/bridgec.col data/bridgstr.ref data/bridgec.cld
data/bridges.geo data/bridges.col data/bridges.ref data/bridges.cld
data/start.geo data/start.col data/start.ref data/nocl.cld
data/tree1.geo data/tree1.col data/tree.ref data/tree.cld
data/tree2.geo data/tree2.col data/tree.ref data/tree.cld
data/house1.geo data/house1.col data/house1.ref data/house1.cld
data/house2.geo data/house2.col data/house2.ref data/house2.cld
data/trs.geo data/trs.col data/trs.ref data/trs.cld
data/wind.geo data/windct.col data/wind.ref data/wind.cld
data/prop.geo data/propct.col data/noref.ref data/nocl.cld
data/tree3.geo data/tree3.col data/tree.ref data/nocl.cld
data/glider.geo data/glider.col data/noref.ref data/nocl.cld
data/bridgescl.geo data/bridges.col data/bridgec.ref data/bridgescl.cld
data/loop4r.geo data/loopblue.col data/loop4r.ref data/loop4r.cld
data/loop2r.geo data/loopgreen.col data/loop2r.ref data/loop2r.cld
data/loop1r.geo data/loopred.col data/loop1r.ref data/loop1r.cld
data/loop4l.geo data/loopblue.col data/loop4l.ref data/loop4l.cld
data/loop2l.geo data/loopgreen.col data/loop2l.ref data/loop2l.cld
data/loop1l.geo data/loopred.col data/loop1l.ref data/loop1l.cld
data/corkl.geo data/cork.col data/corkl.ref data/corkl.cld
data/corkr.geo data/cork.col data/corkr.ref data/corkr.cld
data/road11.geo data/road.col data/road11.ref data/road.cld
data/road12.geo data/road.col data/road12.ref data/road.cld
data/roadhill.geo data/roadhill.col data/roads.ref data/roadhill.cld
data/roadhl25.geo data/road.col data/roadhl25.ref data/road.cld
data/roadhr25.geo data/road.col data/roadhr25.ref data/road.cld
data/roadhl50.geo data/road.col data/roadhl50.ref data/road.cld
data/roadhr50.geo data/road.col data/roadhr50.ref data/road.cld
data/roadhl75.geo data/road.col data/roadhl75.ref data/road.cld
data/roadhr75.geo data/road.col data/roadhr75.ref data/road.cld
data/wroads.geo data/wroads.col data/wroads.ref data/wroad.cld
data/wroadl.geo data/wroad.col data/wroadl.ref data/wroad.cld
data/roadch.geo data/roadch.col data/roadch.ref data/roadch.cld
data/ter.geo data/ter.col data/ter.ref data/ter.cld
data/ter1.geo data/ter1.col data/ter1.ref data/ter1.cld
data/ter2.geo data/ter2.col data/ter2.ref data/ter2.cld
objects 363
22 -1.20 8 75 0 0 0 2 0
23 3.10 8 73.6 0 0 0.0 3 0
22 -1.20 -8 75 0 0 0 2 0
23 3.10 -8 73.8 0 0 3.1416 3 0
16 -1.2000 0.0000 20.0000 0 0 0.0000 2 0
21 -1.2000 0.0000 0.0000 0 0 3.1416 5 0
4 -1.2000 0.0000 0.0000 0 0 -0.0000 1 0
4 -1.2000 0.0000 10.0000 0 0 -0.0000 1 0
4 -1.2000 0.0000 20.0000 0 0 -0.0000 1 0
4 -1.2000 0.0000 30.0000 0 0 -0.0000 1 0
4 -1.2000 0.0000 40.0000 0 0 -0.0000 1 0
4 -1.2000 0.0000 50.0000 0 0 -0.0000 1 0
4 -1.2000 0.0000 60.0000 0 0 -0.0000 1 0
4 -1.2000 0.0000 70.0000 0 0 -0.0000 1 0
4 -1.2000 0.0000 80.0000 0 0 -0.0000 1 0
4 -1.2000 0.0000 90.0000 0 0 -0.0000 1 0
4 -1.2000 0.0000 100.0000 0 0 -0.0000 1 0
4 -1.2000 0.0000 110.0000 0 0 -0.0000 1 0
4 -1.2000 0.0000 120.0000 0 0 -0.0000 1 0
4 -1.2000 0.0000 130.0000 0 0 -0.0000 1 0
4 -1.2000 0.0000 140.0000 0 0 -0.0000 1 0
4 -1.2000 0.0000 150.0000 0 0 -0.0000 1 0
4 -1.2000 0.0000 160.0000 0 0 -0.0000 1 0
34 -1.2000 0.0000 170.0000 0 0 0.1253 1 0
4 -1.2000 0.0000 170.0000 0 0 -0.0000 1 0
4 -1.2000 0.0000 180.0000 0 0 -0.0000 1 0
4 -1.2000 0.0000 190.0000 0 0 -0.0000 1 0
4 -1.2000 0.0000 200.0000 0 0 -0.0000 1 0
4 -1.2000 0.0000 210.0000 0 0 -0.0000 1 0
4 -1.2000 0.0000 220.0000 0 0 -0.0000 1 0
4 -1.2000 0.0000 230.0000 0 0 -0.0000 1 0
4 -1.2000 0.0000 240.0000 0 0 -0.0000 1 0
4 -1.2000 0.0000 250.0000 0 0 -0.0000 1 0
4 -1.2000 0.0000 260.0000 0 0 -0.0000 1 0
33 -1.2000 0.0000 270.0000 0 0 -0.1253 1 0
4 -1.2000 0.0000 270.0000 0 0 -0.0000 1 0
4 -1.2000 0.0000 280.0000 0 0 -0.0000 1 0
4 -1.2000 0.0000 290.0000 0 0 -0.0000 1 0
4 -1.2000 0.0000 300.0000 0 0 -0.0000 1 0
4 -1.2000 0.0000 310.0000 0 0 -0.0000 1 0
4 -1.2000 0.0000 320.0000 0 0 -0.0000 1 0
4 -1.2000 0.0000 330.0000 0 0 -0.0000 1 0
4 -1.2000 0.0000 340.0000 0 0 -0.0000 1 0
4 -1.2000 0.0000 350.0000 0 0 -0.0000 1 0
4 -1.2000 0.0000 360.0000 0 0 -0.0000 1 0
34 -1.2000 0.0000 370.0000 0 0 0.1253 1 0
4 -1.2000 0.0000 370.0000 0 0 -0.0000 1 0
4 -1.2000 0.0000 380.0000 0 0 -0.0000 1 0
4 -1.2000 0.0000 390.0000 0 0 -0.0000 1 0
4 -1.2000 0.0000 400.0000 0 0 -0.0000 1 0
4 -1.2000 0.0000 410.0000 0 0 -0.0000 1 0
4 -1.2000 0.0000 420.0000 0 0 -0.0000 1 0
4 -1.2000 0.0000 430.0000 0 0 -0.0000 1 0
4 -1.2000 0.0000 440.0000 0 0 -0.0000 1 0
4 -1.2000 0.0000 450.0000 0 0 -0.0000 1 0
4 -1.2000 0.0000 460.0000 0 0 -0.0000 1 0
33 -1.2000 0.0000 470.0000 0 0 -0.1253 1 0
4 -1.2000 0.0000 470.0000 0 0 -0.0000 1 0
4 -1.2000 0.0000 480.0000 0 0 -0.0000 1 0
4 -1.2000 0.0000 490.0000 0 0 -0.0000 1 0
46 -1.2000 0.0000 500.0000 0 0 -0.0000 1 0
44 -1.2000 0.0000 510.0000 0 0 -0.0000 1 0
44 -1.2000 0.0000 520.0000 0 0 -0.0000 1 0
44 -1.2000 0.0000 530.0000 0 0 -0.0000 1 0
44 -1.2000 0.0000 540.0000 0 0 -0.0000 1 0
44 -1.2000 0.0000 550.0000 0 0 -0.0000 1 0
44 -1.2000 0.0000 560.0000 0 0 -0.0000 1 0
44 -1.2000 0.0000 570.0000 0 0 -0.0000 1 0
44 -1.2000 0.0000 580.0000 0 0 -0.0000 1 0
44 -1.2000 0.0000 590.0000 0 0 -0.0000 1 0
44 -1.2000 0.0000 600.0000 0 0 -0.0000 1 0
45 -1.2000 1.9383 619.7448 0 0 2.7489 1 0
45 -1.2000 7.4582 628.0061 0 0 2.3562 1 0
45 -1.2000 15.7194 633.5261 0 0 1.9635 1 0
45 -1.2000 25.4642 635.4645 0 0 1.5708 1 0
44 -1.2000 25.4642 635.4645 0 0 -1.5708 1 0
44 -1.2000 35.4642 635.4645 0 0 -1.5708 1 0
44 -1.2000 45.4642 635.4645 0 0 -1.5708 1 0
44 -1.2000 55.4642 635.4645 0 0 -1.5708 1 0
44 -1.2000 65.4642 635.4645 0 0 -1.5708 1 0
45 -1.2000 75.4642 635.4645 0 0 -1.5708 1 0
45 -1.2000 85.2090 637.4028 0 0 -1.1781 1 0
45 -1.2000 93.4703 642.9227 0 0 -0.7854 1 0
45 -1.2000 98.9903 651.1839 0 0 -0.3927 1 0
44 -1.2000 100.9287 660.9287 0 0 -0.0000 1 0
44 -1.2000 100.9287 670.9287 0 0 -0.0000 1 0
44 -1.2000 100.9287 680.9287 0 0 -0.0000 1 0
44 -1.2000 100.9287 690.9287 0 0 -0.0000 1 0
44 -1.2000 100.9287 700.9287 0 0 -0.0000 1 0
44 -1.2000 100.9287 710.9287 0 0 -0.0000 1 0
44 -1.2000 100.9287 720.9287 0 0 -0.0000 1 0
45 -1.2000 102.8670 740.6735 0 0 2.7489 1 0
45 -1.2000 108.3869 748.9348 0 0 2.3562 1 0
45 -1.2000 116.6481 754.4548 0 0 1.9635 1 0
45 -1.2000 126.3929 756.3932 0 0 1.5708 1 0
44 -1.2000 126.3929 756.3932 0 0 -1.5708 1 0
44 -1.2000 136.3929 756.3932 0 0 -1.5708 1 0
44 -1.2000 146.3929 756.3932 0 0 -1.5708 1 0
44 -1.2000 156.3929 756.3932 0 0 -1.5708 1 0
44 -1.2000 166.3929 756.3932 0 0 -1.5708 1 0
44 -1.2000 176.3929 756.3932 0 0 -1.5708 1 0
44 -1.2000 186.3929 756.3932 0 0 -1.5708 1 0
44 -1.2000 196.3929 756.3932 0 0 -1.5708 1 0
44 -1.2000 206.3929 756.3932 0 0 -1.5708 1 0
44 -1.2000 216.3929 756.3932 0 0 -1.5708 1 0
45 -1.2000 236.1377 754.4549 0 0 1.1781 1 0
45 -1.2000 244.3990 748.9350 0 0 0.7854 1 0
45 -1.2000 249.9190 740.6738 0 0 0.3927 1 0
45 -1.2000 251.8574 730.9290 0 0 -0.0000 1 0
44 -1.2000 251.8574 730.9290 0 0 -3.1416 1 0
44 -1.2000 251.8574 720.9290 0 0 -3.1416 1 0
44 -1.2000 251.8574 710.9290 0 0 -3.1416 1 0
44 -1.2000 251.8574 700.9290 0 0 -3.1416 1 0
44 -1.2000 251.8574 690.9290 0 0 -3.1416 1 0
44 -1.2000 251.8574 680.9290 0 0 -3.1416 1 0
44 -1.2000 251.8574 670.9290 0 0 -3.1416 1 0
44 -1.2000 251.8574 660.9290 0 0 -3.1416 1 0
44 -1.2000 251.8574 650.9290 0 0 -3.1416 1 0
44 -1.2000 251.8574 640.9290 0 0 -3.1416 1 0
46 -1.2000 251.8574 620.9290 0 0 -0.0000 1 0
12 -1.2000 251.8574 620.9290 0 0 -3.1416 1 0
13 -1.2000 251.8574 610.9290 0 0 -3.1416 1 0
13 -1.2000 251.8574 600.9290 0 0 -3.1416 1 0
13 -1.2000 251.8574 590.9290 0 0 -3.1416 1 0
13 -1.2000 251.8574 580.9290 0 0 -3.1416 1 0
13 -1.2000 251.8574 570.9290 0 0 -3.1416 1 0
13 -1.2000 251.8574 560.9290 0 0 -3.1416 1 0
13 -1.2000 251.8574 550.9290 0 0 -3.1416 1 0
13 -1.2000 251.8574 540.9290 0 0 -3.1416 1 0
13 -1.2000 251.8574 530.9290 0 0 -3.1416 1 0
13 -1.2000 251.8574 520.9290 0 0 -3.1416 1 0
12 -1.2000 251.8574 500.9290 0 0 -0.0000 1 0
46 -1.2000 251.8574 500.9290 0 0 -3.1416 1 0
44 -1.2000 251.8574 490.9290 0 0 -3.1416 1 0
44 -1.2000 251.8574 480.9290 0 0 -3.1416 1 0
44 -1.2000 251.8574 470.9290 0 0 -3.1416 1 0
44 -1.2000 251.8574 460.9290 0 0 -3.1416 1 0
44 -1.2000 251.8574 450.9290 0 0 -3.1416 1 0
44 -1.2000 251.8574 440.9290 0 0 -3.1416 1 0
44 -1.2000 251.8574 430.9290 0 0 -3.1416 1 0
44 -1.2000 251.8574 420.9290 0 0 -3.1416 1 0
44 -1.2000 251.8574 410.9290 0 0 -3.1416 1 0
44 -1.2000 251.8574 400.9290 0 0 -3.1416 1 0
44 -1.2000 251.8574 390.9290 0 0 -3.1416 1 0
44 -1.2000 251.8574 380.9290 0 0 -3.1416 1 0
44 -1.2000 251.8574 370.9290 0 0 -3.1416 1 0
44 -1.2000 251.8574 360.9290 0 0 -3.1416 1 0
44 -1.2000 251.8574 350.9290 0 0 -3.1416 1 0
44 -1.2000 251.8574 340.9290 0 0 -3.1416 1 0
44 -1.2000 251.8574 330.9290 0 0 -3.1416 1 0
44 -1.2000 251.8574 320.9290 0 0 -3.1416 1 0
44 -1.2000 251.8574 310.9290 0 0 -3.1416 1 0
44 -1.2000 251.8574 300.9290 0 0 -3.1416 1 0
46 -1.2000 251.8574 280.9290 0 0 -0.0000 1 0
27 -1.2000 251.8574 280.9290 0 0 -3.1416 1 0
46 -1.2000 246.8574 280.9290 0 0 -3.1416 1 0
44 -1.2000 246.8574 270.9290 0 0 -3.1416 1 0
44 -1.2000 246.8574 260.9290 0 0 -3.1416 1 0
44 -1.2000 246.8574 250.9290 0 0 -3.1416 1 0
44 -1.2000 246.8574 240.9290 0 0 -3.1416 1 0
44 -1.2000 246.8574 230.9290 0 0 -3.1416 1 0
44 -1.2000 246.8574 220.9290 0 0 -3.1416 1 0
44 -1.2000 246.8574 210.9290 0 0 -3.1416 1 0
44 -1.2000 246.8574 200.9290 0 0 -3.1416 1 0
44 -1.2000 246.8574 190.9290 0 0 -3.1416 1 0
44 -1.2000 246.8574 180.9290 0 0 -3.1416 1 0
45 -1.2000 244.9191 161.1842 0 0 -0.3927 1 0
46 -1.2000 241.0922 151.9454 0 0 -0.3927 1 0
4 -1.2000 241.0922 151.9454 0 0 -3.5343 1 0
4 -1.2000 237.2654 142.7066 0 0 -3.5343 1 0
4 -1.2000 233.4385 133.4678 0 0 -3.5343 1 0
4 -1.2000 229.6117 124.2290 0 0 -3.5343 1 0
4 -1.2000 225.7849 114.9902 0 0 -3.5343 1 0
4 -1.2000 221.9580 105.7514 0 0 -3.5343 1 0
4 -1.2000 218.1312 96.5126 0 0 -3.5343 1 0
4 -1.2000 214.3044 87.2739 0 0 -3.5343 1 0
4 -1.2000 210.4775 78.0351 0 0 -3.5343 1 0
4 -1.2000 206.6507 68.7963 0 0 -3.5343 1 0
34 -1.2000 202.8239 59.5575 0 0 -3.4090 1 0
4 -1.2000 202.8239 59.5575 0 0 -3.5343 1 0
4 -1.2000 198.9970 50.3187 0 0 -3.5343 1 0
4 -1.2000 195.1702 41.0799 0 0 -3.5343 1 0
4 -1.2000 191.3433 31.8411 0 0 -3.5343 1 0
4 -1.2000 187.5165 22.6023 0 0 -3.5343 1 0
4 -1.2000 183.6897 13.3635 0 0 -3.5343 1 0
4 -1.2000 179.8628 4.1247 0 0 -3.5343 1 0
4 -1.2000 176.0360 -5.1141 0 0 -3.5343 1 0
4 -1.2000 172.2092 -14.3529 0 0 -3.5343 1 0
4 -1.2000 168.3823 -23.5917 0 0 -3.5343 1 0
33 -1.2000 164.5555 -32.8305 0 0 -3.6596 1 0
4 -1.2000 164.5555 -32.8305 0 0 -3.5343 1 0
4 -1.2000 160.7287 -42.0693 0 0 -3.5343 1 0
4 -1.2000 156.9018 -51.3081 0 0 -3.5343 1 0
4 -1.2000 153.0750 -60.5469 0 0 -3.5343 1 0
4 -1.2000 149.2482 -69.7857 0 0 -3.5343 1 0
4 -1.2000 145.4213 -79.0245 0 0 -3.5343 1 0
4 -1.2000 141.5945 -88.2632 0 0 -3.5343 1 0
4 -1.2000 137.7676 -97.5020 0 0 -3.5343 1 0
4 -1.2000 133.9408 -106.7408 0 0 -3.5343 1 0
4 -1.2000 130.1140 -115.9796 0 0 -3.5343 1 0
34 -1.2000 126.2871 -125.2184 0 0 -3.4090 1 0
4 -1.2000 126.2871 -125.2184 0 0 -3.5343 1 0
4 -1.2000 122.4603 -134.4572 0 0 -3.5343 1 0
4 -1.2000 118.6335 -143.6960 0 0 -3.5343 1 0
4 -1.2000 114.8066 -152.9348 0 0 -3.5343 1 0
4 -1.2000 110.9798 -162.1736 0 0 -3.5343 1 0
4 -1.2000 107.1530 -171.4124 0 0 -3.5343 1 0
4 -1.2000 103.3261 -180.6512 0 0 -3.5343 1 0
4 -1.2000 99.4993 -189.8900 0 0 -3.5343 1 0
4 -1.2000 95.6725 -199.1288 0 0 -3.5343 1 0
4 -1.2000 91.8456 -208.3676 0 0 -3.5343 1 0
33 -1.2000 88.0188 -217.6064 0 0 -3.6596 1 0
4 -1.2000 88.0188 -217.6064 0 0 -3.5343 1 0
4 -1.2000 84.1919 -226.8452 0 0 -3.5343 1 0
4 -1.2000 80.3651 -236.0840 0 0 -3.5343 1 0
4 -1.2000 76.5383 -245.3228 0 0 -3.5343 1 0
4 -1.2000 72.7114 -254.5616 0 0 -3.5343 1 0
37 -1.2000 68.8846 -263.8003 0 0 -3.5343 1 0
4 -1.2000 65.0578 -273.0391 0 0 -3.5343 1 0
4 -1.2000 61.2309 -282.2779 0 0 -3.5343 1 0
4 -1.2000 57.4041 -291.5167 0 0 -3.5343 1 0
4 -1.2000 53.5773 -300.7555 0 0 -3.5343 1 0
4 -1.2000 49.7504 -309.9943 0 0 -3.5343 1 0
4 -1.2000 45.9236 -319.2331 0 0 -3.5343 1 0
4 -1.2000 42.0968 -328.4719 0 0 -3.5343 1 0
4 -1.2000 38.2699 -337.7107 0 0 -3.5343 1 0
4 -1.2000 34.4431 -346.9495 0 0 -3.5343 1 0
4 -1.2000 30.6162 -356.1883 0 0 -3.5343 1 0
9 -1.2000 26.7894 -365.4271 0 0 -3.5343 1 0
10 -0.4000 22.9626 -374.6659 0 0 -3.5343 1 0
11 1.2000 19.1357 -383.9047 0 0 -3.5343 1 0
36 3.6000 15.3089 -393.1435 0 0 -3.5343 1 0
35 8.0713 11.8859 -401.4073 0 0 -3.5343 1 0
36 15.1424 9.1799 -407.9401 0 0 -3.5343 1 0
46 19.6137 5.7569 -416.2040 0 0 -3.5343 1 0
44 19.6137 1.9301 -425.4428 0 0 -3.5343 1 0
44 19.6137 -1.8967 -434.6816 0 0 -3.5343 1 0
44 19.6137 -5.7236 -443.9203 0 0 -3.5343 1 0
44 19.6137 -9.5504 -453.1591 0 0 -3.5343 1 0
44 19.6137 -13.3773 -462.3979 0 0 -3.5343 1 0
44 19.6137 -17.2041 -471.6367 0 0 -3.5343 1 0
44 19.6137 -21.0309 -480.8755 0 0 -3.5343 1 0
44 19.6137 -24.8578 -490.1143 0 0 -3.5343 1 0
44 19.6137 -28.6846 -499.3531 0 0 -3.5343 1 0
44 19.6137 -32.5114 -508.5919 0 0 -3.5343 1 0
44 19.6137 -36.3383 -517.8307 0 0 -3.5343 1 0
44 19.6137 -40.1651 -527.0695 0 0 -3.5343 1 0
44 19.6137 -43.9919 -536.3083 0 0 -3.5343 1 0
44 19.6137 -47.8188 -545.5471 0 0 -3.5343 1 0
44 19.6137 -51.6456 -554.7859 0 0 -3.5343 1 0
44 19.6137 -55.4724 -564.0247 0 0 -3.5343 1 0
44 19.6137 -59.2993 -573.2635 0 0 -3.5343 1 0
44 19.6137 -63.1261 -582.5023 0 0 -3.5343 1 0
44 19.6137 -66.9530 -591.7411 0 0 -3.5343 1 0
44 19.6137 -70.7798 -600.9799 0 0 -3.5343 1 0
44 19.6137 -74.6066 -610.2187 0 0 -3.5343 1 0
44 19.6137 -78.4335 -619.4574 0 0 -3.5343 1 0
44 19.6137 -82.2603 -628.6962 0 0 -3.5343 1 0
44 19.6137 -86.0871 -637.9350 0 0 -3.5343 1 0
44 19.6137 -89.9140 -647.1738 0 0 -3.5343 1 0
44 19.6137 -93.7408 -656.4126 0 0 -3.5343 1 0
44 19.6137 -97.5676 -665.6514 0 0 -3.5343 1 0
44 19.6137 -101.3945 -674.8902 0 0 -3.5343 1 0
44 19.6137 -105.2213 -684.1290 0 0 -3.5343 1 0
44 19.6137 -109.0481 -693.3678 0 0 -3.5343 1 0
45 19.6137 -118.3949 -710.8679 0 0 -0.7854 1 0
44 19.6137 -118.3949 -710.8679 0 0 -3.9270 1 0
44 19.6137 -125.4660 -717.9389 0 0 -3.9270 1 0
44 19.6137 -132.5371 -725.0100 0 0 -3.9270 1 0
44 19.6137 -139.6081 -732.0811 0 0 -3.9270 1 0
44 19.6137 -146.6792 -739.1521 0 0 -3.9270 1 0
46 19.6137 -160.8213 -753.2943 0 0 -0.7854 1 0
4 19.6137 -160.8213 -753.2943 0 0 -3.9270 1 0
4 19.6137 -167.8924 -760.3653 0 0 -3.9270 1 0
4 19.6137 -174.9635 -767.4364 0 0 -3.9270 1 0
4 19.6137 -182.0345 -774.5075 0 0 -3.9270 1 0
4 19.6137 -189.1056 -781.5785 0 0 -3.9270 1 0
21 19.6137 -196.1767 -788.6496 0 0 -3.9270 5 0
16 19.6137 -182.0345 -774.5075 0 0 -3.9270 2 0
19 -1.2000 -5.5000 40.0044 0 0 3.1416 2 0
17 -1.2000 5.3000 39.9958 0 0 0.0000 2 0
20 -1.2000 5.5000 59.9956 0 0 -0.0000 2 0
17 -1.2000 -5.3000 80.0042 0 0 0.0000 2 0
18 -1.2000 5.3000 79.9958 0 0 0.0000 2 0
17 -1.2000 -5.3000 100.0042 0 0 0.0000 2 0
19 -1.2000 5.5000 99.9956 0 0 -0.0000 2 0
19 -1.2000 -5.5000 120.0044 0 0 3.1416 2 0
18 -1.2000 5.3000 119.9958 0 0 0.0000 2 0
17 -1.2000 -5.3000 140.0042 0 0 0.0000 2 0
19 -1.2000 5.5000 139.9956 0 0 -0.0000 2 0
19 -1.2000 -5.5000 210.0044 0 0 3.1416 2 0
24 -1.2000 5.3000 209.9958 0 0 0.0000 2 0
20 -1.2000 -5.5000 230.0044 0 0 3.1416 2 0
17 -1.2000 -5.3000 320.0042 0 0 0.0000 2 0
19 -1.2000 -5.5000 410.0044 0 0 3.1416 2 0
24 -1.2000 5.3000 409.9958 0 0 0.0000 2 0
24 -1.2000 -5.3000 430.0042 0 0 0.0000 2 0
17 -1.2000 5.3000 429.9958 0 0 0.0000 2 0
18 -1.2000 -7.8000 540.0062 0 0 0.0000 2 0
17 -1.2000 7.8000 539.9938 0 0 0.0000 2 0
24 -1.2000 -7.8000 600.0062 0 0 0.0000 2 0
17 -1.2000 -5.2656 622.7355 0 0 0.3927 2 0
17 -1.2000 35.4704 643.2645 0 0 1.5708 2 0
17 -1.2000 35.4580 627.6645 0 0 1.5708 2 0
17 -1.2000 75.4704 643.2645 0 0 1.5708 2 0
17 -1.2000 75.4580 627.6645 0 0 1.5708 2 0
18 -1.2000 93.1287 700.9349 0 0 0.0000 2 0
17 -1.2000 113.6690 761.6634 0 0 1.1781 2 0
17 -1.2000 136.3991 764.1932 0 0 1.5708 2 0
18 -1.2000 233.1471 747.2510 0 0 1.9635 2 0
24 -1.2000 244.0574 720.9352 0 0 3.1416 2 0
17 -1.2000 259.6574 680.9228 0 0 3.1416 2 0
18 -1.2000 244.0574 680.9352 0 0 3.1416 2 0
18 -1.2000 244.0574 640.9352 0 0 3.1416 2 0
18 -1.2000 259.6574 440.9228 0 0 3.1416 2 0
24 -1.2000 244.0574 420.9352 0 0 3.1416 2 0
18 -1.2000 259.6574 400.9228 0 0 3.1416 2 0
17 -1.2000 259.6574 360.9228 0 0 3.1416 2 0
18 -1.2000 259.6574 320.9228 0 0 3.1416 2 0
17 -1.2000 254.6574 250.9228 0 0 3.1416 2 0
18 -1.2000 239.0574 250.9352 0 0 3.1416 2 0
17 -1.2000 254.6574 210.9228 0 0 3.1416 2 0
17 -1.2000 239.0574 210.9352 0 0 3.1416 2 0
18 -1.2000 254.6574 170.9228 0 0 3.1416 2 0
20 -1.2000 238.5182 131.3590 0 0 -0.3927 2 0
24 -1.2000 228.5436 135.4999 0 0 3.5343 2 0
20 -1.2000 220.7052 117.0990 0 0 -3.5343 2 0
19 -1.2000 213.0515 98.6215 0 0 -3.5343 2 0
20 -1.2000 188.7693 11.2547 0 0 -0.3927 2 0
17 -1.2000 178.7947 15.3956 0 0 3.5343 2 0
17 -1.2000 180.9310 -7.1462 0 0 3.5343 2 0
17 -1.2000 171.1411 -3.0820 0 0 3.5343 2 0
24 -1.2000 154.1431 -71.8178 0 0 3.5343 2 0
19 -1.2000 144.1685 -67.6769 0 0 -3.5343 2 0
17 -1.2000 146.4894 -90.2954 0 0 3.5343 2 0
17 -1.2000 136.6995 -86.2311 0 0 3.5343 2 0
18 -1.2000 112.0479 -173.4445 0 0 3.5343 2 0
19 -1.2000 102.0733 -169.3036 0 0 -3.5343 2 0
19 -1.2000 94.4196 -187.7812 0 0 -3.5343 2 0
24 -1.2000 77.6064 -256.5937 0 0 3.5343 2 0
19 -1.2000 67.6318 -252.4527 0 0 -3.5343 2 0
17 -1.2000 69.9527 -275.0713 0 0 3.5343 2 0
19 -1.2000 59.9781 -270.9303 0 0 -3.5343 2 0
19 -1.2000 62.4838 -293.6255 0 0 -0.3927 2 0
19 -1.2000 54.8301 -312.1031 0 0 -0.3927 2 0
19 -1.2000 44.6708 -307.8855 0 0 -3.5343 2 0
19 -1.2000 47.1764 -330.5807 0 0 -0.3927 2 0
17 -1.2000 37.2018 -326.4398 0 0 3.5343 2 0
18 -1.2000 29.5481 -344.9174 0 0 3.5343 2 0
18 -1.4000 21.8945 -363.3950 0 0 3.5343 2 0
17 0.6000 24.0307 -385.9368 0 0 3.5343 2 0
18 0.6000 14.2408 -381.8726 0 0 3.5343 2 0
17 19.6137 -24.4080 -468.6461 0 0 3.5343 2 0
18 19.6137 -47.3690 -524.0788 0 0 3.5343 2 0
17 19.6137 -40.6149 -548.5378 0 0 3.5343 2 0
17 19.6137 -55.0227 -542.5564 0 0 3.5343 2 0
18 19.6137 -55.9222 -585.4929 0 0 3.5343 2 0
17 19.6137 -70.3300 -579.5116 0 0 3.5343 2 0
17 19.6137 -63.5759 -603.9705 0 0 3.5343 2 0
17 19.6137 -101.8443 -696.3585 0 0 3.5343 2 0
17 19.6137 -127.0260 -730.5298 0 0 3.9270 2 0
18 19.6137 -138.0481 -719.4902 0 0 3.9270 2 0
19 19.6137 -178.8495 -763.5442 0 0 -3.9270 2 0
