ambient 0.6
headlight 0.0
directional 1.1
lightdir -0.5 -1.414 0.0
background 250 230 180
clfactors 1.05 0.95 0.9
objtypes 36
data/steer.geo data/steer.col data/noref.ref data/nocl.cld
data/speed.geo data/speed.col data/noref.ref data/nocl.cld
data/dmod.geo data/dmod.col data/noref.ref data/nocl.cld
data/roads.geo data/roadcity.col data/roads.ref data/road.cld
data/roadlw.geo data/roadcity.col data/roadlw.ref data/road.cld
data/roadln.geo data/roadcity.col data/roadln.ref data/road.cld
data/roadrw.geo data/roadcity.col data/roadrw.ref data/road.cld
data/roadrn.geo data/roadcity.col data/roadrn.ref data/road.cld
data/road25.geo data/roadcity.col data/road25.ref data/road.cld
data/road50.geo data/roadcity.col data/road50.ref data/road.cld
data/road75.geo data/roadcity.col data/road75.ref data/road.cld
data/tunnb.geo data/tunnbcity.col data/tunnb.ref data/tunnb.cld
data/tunn.geo data/tunncity.col data/tunn.ref data/tunn.cld
data/bridgec.geo data/bridgecity.col data/bridgstr.ref data/bridgec.cld
data/bridges.geo data/bridges.col data/bridges.ref data/bridges.cld
data/start.geo data/start.col data/start.ref data/nocl.cld
data/light.geo data/light.col data/tree.ref data/nocl.cld
data/tree4.geo data/tree4.col data/tree.ref data/nocl.cld
data/block1.geo data/block1.col data/block1.ref data/block.cld
data/block2.geo data/block2.col data/block2.ref data/block.cld
data/trs.geo data/trscity.col data/trs.ref data/trs.cld
data/wind.geo data/wind.col data/wind.ref data/wind.cld
data/prop.geo data/prop.col data/noref.ref data/nocl.cld
data/tree2.geo data/tree2.col data/tree.ref data/tree.cld
data/glider.geo data/glider.col data/noref.ref data/nocl.cld
data/bridgescl.geo data/bridges.col data/bridgec.ref data/bridgescl.cld
data/loop4r.geo data/loopblue.col data/loop4r.ref data/loop4r.cld
data/loop2r.geo data/loopgreen.col data/loop2r.ref data/loop2r.cld
data/loop1r.geo data/loopred.col data/loop1r.ref data/loop1r.cld
data/loop4l.geo data/loopblue.col data/loop4l.ref data/loop4l.cld
data/loop2l.geo data/loopgreen.col data/loop2l.ref data/loop2l.cld
data/loop1l.geo data/loopred.col data/loop1l.ref data/loop1l.cld
data/corkl.geo data/cork.col data/corkl.ref data/corkl.cld
data/corkr.geo data/cork.col data/corkr.ref data/corkr.cld
data/road11.geo data/roadcity.col data/road11.ref data/road.cld
data/road12.geo data/roadcity.col data/road12.ref data/road.cld
objects 709
16 -1.20 0 20 0 0 0 2 0
21 -1.2000 0.0000 0.0000 0 0 3.1416 5 0
4 -1.2000 0.0000 0.0000 0 0 -0.0000 1 0
4 -1.2000 0.0000 10.0000 0 0 -0.0000 1 0
4 -1.2000 0.0000 20.0000 0 0 -0.0000 1 0
4 -1.2000 0.0000 30.0000 0 0 -0.0000 1 0
4 -1.2000 0.0000 40.0000 0 0 -0.0000 1 0
4 -1.2000 0.0000 50.0000 0 0 -0.0000 1 0
4 -1.2000 0.0000 60.0000 0 0 -0.0000 1 0
4 -1.2000 0.0000 70.0000 0 0 -0.0000 1 0
4 -1.2000 0.0000 80.0000 0 0 -0.0000 1 0
4 -1.2000 0.0000 90.0000 0 0 -0.0000 1 0
4 -1.2000 0.0000 100.0000 0 0 -0.0000 1 0
9 -2.0000 0.0000 120.0000 0 0 3.1416 1 0
9 -2.8000 0.0000 130.0000 0 0 3.1416 1 0
9 -3.6000 0.0000 140.0000 0 0 3.1416 1 0
4 -3.6000 0.0000 140.0000 0 0 -0.0000 1 0
4 -3.6000 0.0000 150.0000 0 0 -0.0000 1 0
9 -3.6000 0.0000 160.0000 0 0 -0.0000 1 0
10 -2.8000 0.0000 170.0000 0 0 -0.0000 1 0
11 -1.2000 0.0000 180.0000 0 0 -0.0000 1 0
36 1.2000 0.0000 190.0000 0 0 -0.0000 1 0
35 5.6713 0.0000 198.9447 0 0 -0.0000 1 0
35 5.6713 0.0000 213.0869 0 0 3.1416 1 0
36 1.2000 0.0000 222.0316 0 0 3.1416 1 0
11 -1.2000 0.0000 232.0316 0 0 3.1416 1 0
10 -2.8000 0.0000 242.0316 0 0 3.1416 1 0
9 -3.6000 0.0000 252.0316 0 0 3.1416 1 0
4 -3.6000 0.0000 252.0316 0 0 -0.0000 1 0
4 -3.6000 0.0000 262.0316 0 0 -0.0000 1 0
9 -3.6000 0.0000 272.0316 0 0 -0.0000 1 0
9 -2.8000 0.0000 282.0316 0 0 -0.0000 1 0
9 -2.0000 0.0000 292.0316 0 0 -0.0000 1 0
5 -1.2000 0.0000 302.0316 0 0 -0.0000 1 0
4 -1.2000 -1.9383 311.7764 0 0 0.3927 1 0
4 -1.2000 -5.7651 321.0152 0 0 0.3927 1 0
4 -1.2000 -9.5920 330.2540 0 0 0.3927 1 0
5 -1.2000 -13.4188 339.4928 0 0 0.3927 1 0
5 -1.2000 -18.9387 347.7541 0 0 0.7854 1 0
5 -1.2000 -27.1999 353.2741 0 0 1.1781 1 0
5 -1.2000 -36.9447 355.2125 0 0 1.5708 1 0
5 -1.2000 -46.6895 353.2742 0 0 1.9635 1 0
5 -1.2000 -54.9508 347.7543 0 0 2.3562 1 0
4 -1.2000 -60.4708 339.4931 0 0 2.7489 1 0
4 -1.2000 -64.2976 330.2543 0 0 2.7489 1 0
4 -1.2000 -68.1245 321.0155 0 0 2.7489 1 0
5 -1.2000 -71.9513 311.7767 0 0 2.7489 1 0
4 -1.2000 -73.8897 302.0319 0 0 3.1416 1 0
4 -1.2000 -73.8897 292.0319 0 0 3.1416 1 0
4 -1.2000 -73.8897 282.0319 0 0 3.1416 1 0
4 -1.2000 -73.8897 272.0319 0 0 3.1416 1 0
4 -1.2000 -73.8897 262.0319 0 0 3.1416 1 0
4 -1.2000 -73.8897 252.0319 0 0 3.1416 1 0
4 -1.2000 -73.8897 242.0319 0 0 3.1416 1 0
4 -1.2000 -73.8897 232.0319 0 0 3.1416 1 0
4 -1.2000 -73.8897 222.0319 0 0 3.1416 1 0
4 -1.2000 -73.8897 212.0319 0 0 3.1416 1 0
4 -1.2000 -73.8897 202.0319 0 0 3.1416 1 0
4 -1.2000 -73.8897 192.0319 0 0 3.1416 1 0
4 -1.2000 -73.8897 182.0319 0 0 3.1416 1 0
4 -1.2000 -73.8897 172.0319 0 0 3.1416 1 0
4 -1.2000 -73.8897 162.0319 0 0 3.1416 1 0
6 -1.2000 -73.8897 152.0319 0 0 3.1416 1 0
6 -1.2000 -70.1605 143.0288 0 0 3.9270 1 0
6 -1.2000 -61.1574 139.2996 0 0 4.7124 1 0
5 -1.2000 -52.1543 143.0288 0 0 5.4978 1 0
14 -1.2000 -46.6343 151.2900 0 0 5.8905 1 0
26 1.2000 -42.8074 160.5288 0 0 5.8905 1 0
26 3.6000 -38.9806 169.7676 0 0 5.8905 1 0
26 6.0000 -35.1538 179.0064 0 0 5.8905 1 0
26 8.4000 -31.3269 188.2452 0 0 5.8905 1 0
26 10.8000 -27.5001 197.4840 0 0 5.8905 1 0
15 13.2000 -23.6733 206.7228 0 0 5.8905 1 0
15 13.2000 -19.8465 215.9616 0 0 5.8905 1 0
15 13.2000 -16.0196 225.2004 0 0 5.8905 1 0
15 13.2000 -12.1928 234.4392 0 0 5.8905 1 0
15 13.2000 -8.3660 243.6780 0 0 5.8905 1 0
15 13.2000 -4.5391 252.9168 0 0 5.8905 1 0
15 13.2000 -0.7123 262.1556 0 0 5.8905 1 0
15 13.2000 3.1145 271.3944 0 0 5.8905 1 0
15 13.2000 6.9414 280.6331 0 0 5.8905 1 0
15 13.2000 10.7682 289.8719 0 0 5.8905 1 0
15 13.2000 14.5950 299.1107 0 0 5.8905 1 0
15 13.2000 18.4219 308.3495 0 0 5.8905 1 0
15 13.2000 22.2487 317.5883 0 0 5.8905 1 0
15 13.2000 26.0755 326.8271 0 0 5.8905 1 0
15 13.2000 29.9024 336.0659 0 0 5.8905 1 0
15 13.2000 33.7292 345.3047 0 0 5.8905 1 0
15 13.2000 37.5560 354.5435 0 0 5.8905 1 0
15 13.2000 41.3829 363.7823 0 0 5.8905 1 0
15 13.2000 45.2097 373.0211 0 0 5.8905 1 0
15 13.2000 49.0365 382.2599 0 0 5.8905 1 0
26 10.8000 56.6902 400.7375 0 0 9.0321 1 0
26 8.4000 60.5170 409.9763 0 0 9.0321 1 0
26 6.0000 64.3438 419.2151 0 0 9.0321 1 0
26 3.6000 68.1707 428.4539 0 0 9.0321 1 0
26 1.2000 71.9975 437.6927 0 0 9.0321 1 0
14 -1.2000 75.8243 446.9315 0 0 9.0321 1 0
5 -1.2000 75.8243 446.9315 0 0 5.8905 1 0
5 -1.2000 77.7628 456.6763 0 0 6.2832 1 0
5 -1.2000 75.8245 466.4211 0 0 6.6759 1 0
4 -1.2000 70.3045 474.6823 0 0 7.0686 1 0
4 -1.2000 63.2335 481.7534 0 0 7.0686 1 0
4 -1.2000 56.1624 488.8245 0 0 7.0686 1 0
4 -1.2000 49.0913 495.8955 0 0 7.0686 1 0
4 -1.2000 42.0202 502.9666 0 0 7.0686 1 0
4 -1.2000 34.9492 510.0376 0 0 7.0686 1 0
4 -1.2000 27.8781 517.1087 0 0 7.0686 1 0
4 -1.2000 20.8070 524.1798 0 0 7.0686 1 0
4 -1.2000 13.7360 531.2508 0 0 7.0686 1 0
4 -1.2000 6.6649 538.3219 0 0 7.0686 1 0
4 -1.2000 -0.4062 545.3930 0 0 7.0686 1 0
4 -1.2000 -7.4772 552.4640 0 0 7.0686 1 0
4 -1.2000 -14.5483 559.5351 0 0 7.0686 1 0
4 -1.2000 -21.6194 566.6062 0 0 7.0686 1 0
4 -1.2000 -28.6905 573.6772 0 0 7.0686 1 0
4 -1.2000 -35.7615 580.7483 0 0 7.0686 1 0
4 -1.2000 -42.8326 587.8194 0 0 7.0686 1 0
4 -1.2000 -49.9037 594.8904 0 0 7.0686 1 0
4 -1.2000 -56.9747 601.9615 0 0 7.0686 1 0
4 -1.2000 -64.0458 609.0326 0 0 7.0686 1 0
4 -1.2000 -71.1169 616.1036 0 0 7.0686 1 0
4 -1.2000 -78.1879 623.1747 0 0 7.0686 1 0
4 -1.2000 -85.2590 630.2458 0 0 7.0686 1 0
4 -1.2000 -92.3301 637.3168 0 0 7.0686 1 0
4 -1.2000 -99.4012 644.3879 0 0 7.0686 1 0
4 -1.2000 -106.4722 651.4590 0 0 7.0686 1 0
4 -1.2000 -113.5433 658.5300 0 0 7.0686 1 0
4 -1.2000 -120.6144 665.6011 0 0 7.0686 1 0
4 -1.2000 -127.6854 672.6722 0 0 7.0686 1 0
4 -1.2000 -134.7565 679.7432 0 0 7.0686 1 0
4 -1.2000 -141.8276 686.8143 0 0 7.0686 1 0
4 -1.2000 -148.8986 693.8854 0 0 7.0686 1 0
4 -1.2000 -155.9697 700.9564 0 0 7.0686 1 0
4 -1.2000 -163.0408 708.0275 0 0 7.0686 1 0
4 -1.2000 -170.1119 715.0985 0 0 7.0686 1 0
4 -1.2000 -177.1829 722.1696 0 0 7.0686 1 0
4 -1.2000 -184.2540 729.2407 0 0 7.0686 1 0
4 -1.2000 -191.3251 736.3117 0 0 7.0686 1 0
4 -1.2000 -198.3961 743.3828 0 0 7.0686 1 0
4 -1.2000 -205.4672 750.4539 0 0 7.0686 1 0
4 -1.2000 -212.5383 757.5249 0 0 7.0686 1 0
4 -1.2000 -219.6094 764.5960 0 0 7.0686 1 0
4 -1.2000 -226.6804 771.6671 0 0 7.0686 1 0
4 -1.2000 -233.7515 778.7381 0 0 7.0686 1 0
4 -1.2000 -240.8226 785.8092 0 0 7.0686 1 0
4 -1.2000 -247.8936 792.8803 0 0 7.0686 1 0
4 -1.2000 -254.9647 799.9513 0 0 7.0686 1 0
4 -1.2000 -262.0358 807.0224 0 0 7.0686 1 0
4 -1.2000 -269.1068 814.0935 0 0 7.0686 1 0
4 -1.2000 -276.1779 821.1645 0 0 7.0686 1 0
4 -1.2000 -283.2490 828.2356 0 0 7.0686 1 0
4 -1.2000 -290.3201 835.3067 0 0 7.0686 1 0
4 -1.2000 -297.3911 842.3777 0 0 7.0686 1 0
4 -1.2000 -304.4622 849.4488 0 0 7.0686 1 0
4 -1.2000 -311.5333 856.5199 0 0 7.0686 1 0
4 -1.2000 -318.6043 863.5909 0 0 7.0686 1 0
4 -1.2000 -325.6754 870.6620 0 0 7.0686 1 0
4 -1.2000 -332.7465 877.7331 0 0 7.0686 1 0
4 -1.2000 -339.8175 884.8041 0 0 7.0686 1 0
4 -1.2000 -346.8886 891.8752 0 0 7.0686 1 0
4 -1.2000 -353.9597 898.9463 0 0 7.0686 1 0
4 -1.2000 -361.0308 906.0173 0 0 7.0686 1 0
4 -1.2000 -368.1018 913.0884 0 0 7.0686 1 0
4 -1.2000 -375.1729 920.1594 0 0 7.0686 1 0
4 -1.2000 -382.2440 927.2305 0 0 7.0686 1 0
4 -1.2000 -389.3150 934.3016 0 0 7.0686 1 0
4 -1.2000 -396.3861 941.3726 0 0 7.0686 1 0
4 -1.2000 -403.4572 948.4437 0 0 7.0686 1 0
4 -1.2000 -410.5282 955.5148 0 0 7.0686 1 0
4 -1.2000 -417.5993 962.5858 0 0 7.0686 1 0
4 -1.2000 -424.6704 969.6569 0 0 7.0686 1 0
4 -1.2000 -431.7415 976.7280 0 0 7.0686 1 0
4 -1.2000 -438.8125 983.7990 0 0 7.0686 1 0
4 -1.2000 -445.8836 990.8701 0 0 7.0686 1 0
4 -1.2000 -452.9547 997.9412 0 0 7.0686 1 0
4 -1.2000 -460.0257 1005.0122 0 0 7.0686 1 0
4 -1.2000 -467.0968 1012.0833 0 0 7.0686 1 0
4 -1.2000 -474.1679 1019.1544 0 0 7.0686 1 0
4 -1.2000 -481.2389 1026.2254 0 0 7.0686 1 0
4 -1.2000 -488.3100 1033.2965 0 0 7.0686 1 0
4 -1.2000 -495.3811 1040.3676 0 0 7.0686 1 0
4 -1.2000 -502.4522 1047.4386 0 0 7.0686 1 0
4 -1.2000 -509.5232 1054.5097 0 0 7.0686 1 0
4 -1.2000 -516.5943 1061.5808 0 0 7.0686 1 0
4 -1.2000 -523.6654 1068.6518 0 0 7.0686 1 0
4 -1.2000 -530.7364 1075.7229 0 0 7.0686 1 0
4 -1.2000 -537.8075 1082.7940 0 0 7.0686 1 0
4 -1.2000 -544.8786 1089.8650 0 0 7.0686 1 0
4 -1.2000 -551.9496 1096.9361 0 0 7.0686 1 0
4 -1.2000 -559.0207 1104.0072 0 0 7.0686 1 0
4 -1.2000 -566.0918 1111.0782 0 0 7.0686 1 0
4 -1.2000 -573.1629 1118.1493 0 0 7.0686 1 0
4 -1.2000 -580.2339 1125.2203 0 0 7.0686 1 0
4 -1.2000 -587.3050 1132.2914 0 0 7.0686 1 0
4 -1.2000 -594.3761 1139.3625 0 0 7.0686 1 0
4 -1.2000 -601.4471 1146.4335 0 0 7.0686 1 0
4 -1.2000 -608.5182 1153.5046 0 0 7.0686 1 0
4 -1.2000 -615.5893 1160.5757 0 0 7.0686 1 0
4 -1.2000 -622.6603 1167.6467 0 0 7.0686 1 0
4 -1.2000 -629.7314 1174.7178 0 0 7.0686 1 0
4 -1.2000 -636.8025 1181.7889 0 0 7.0686 1 0
4 -1.2000 -643.8736 1188.8599 0 0 7.0686 1 0
4 -1.2000 -650.9446 1195.9310 0 0 7.0686 1 0
4 -1.2000 -658.0157 1203.0021 0 0 7.0686 1 0
4 -1.2000 -665.0868 1210.0731 0 0 7.0686 1 0
4 -1.2000 -672.1578 1217.1442 0 0 7.0686 1 0
4 -1.2000 -679.2289 1224.2153 0 0 7.0686 1 0
4 -1.2000 -686.3000 1231.2863 0 0 7.0686 1 0
4 -1.2000 -693.3711 1238.3574 0 0 7.0686 1 0
4 -1.2000 -700.4421 1245.4285 0 0 7.0686 1 0
4 -1.2000 -707.5132 1252.4995 0 0 7.0686 1 0
4 -1.2000 -714.5843 1259.5706 0 0 7.0686 1 0
4 -1.2000 -721.6553 1266.6417 0 0 7.0686 1 0
4 -1.2000 -728.7264 1273.7127 0 0 7.0686 1 0
4 -1.2000 -735.7975 1280.7838 0 0 7.0686 1 0
4 -1.2000 -742.8685 1287.8549 0 0 7.0686 1 0
4 -1.2000 -749.9396 1294.9259 0 0 7.0686 1 0
4 -1.2000 -757.0107 1301.9970 0 0 7.0686 1 0
4 -1.2000 -764.0818 1309.0680 0 0 7.0686 1 0
4 -1.2000 -771.1528 1316.1391 0 0 7.0686 1 0
4 -1.2000 -778.2239 1323.2102 0 0 7.0686 1 0
4 -1.2000 -785.2950 1330.2812 0 0 7.0686 1 0
4 -1.2000 -792.3660 1337.3523 0 0 7.0686 1 0
4 -1.2000 -799.4371 1344.4234 0 0 7.0686 1 0
4 -1.2000 -806.5082 1351.4944 0 0 7.0686 1 0
4 -1.2000 -813.5792 1358.5655 0 0 7.0686 1 0
4 -1.2000 -820.6503 1365.6366 0 0 7.0686 1 0
4 -1.2000 -827.7214 1372.7076 0 0 7.0686 1 0
4 -1.2000 -834.7925 1379.7787 0 0 7.0686 1 0
4 -1.2000 -841.8635 1386.8498 0 0 7.0686 1 0
4 -1.2000 -848.9346 1393.9208 0 0 7.0686 1 0
4 -1.2000 -856.0057 1400.9919 0 0 7.0686 1 0
4 -1.2000 -863.0767 1408.0630 0 0 7.0686 1 0
4 -1.2000 -870.1478 1415.1340 0 0 7.0686 1 0
4 -1.2000 -877.2189 1422.2051 0 0 7.0686 1 0
4 -1.2000 -884.2899 1429.2762 0 0 7.0686 1 0
4 -1.2000 -891.3610 1436.3472 0 0 7.0686 1 0
4 -1.2000 -898.4321 1443.4183 0 0 7.0686 1 0
4 -1.2000 -905.5032 1450.4894 0 0 7.0686 1 0
4 -1.2000 -912.5742 1457.5604 0 0 7.0686 1 0
4 -1.2000 -919.6453 1464.6315 0 0 7.0686 1 0
4 -1.2000 -926.7164 1471.7026 0 0 7.0686 1 0
4 -1.2000 -933.7874 1478.7736 0 0 7.0686 1 0
4 -1.2000 -940.8585 1485.8447 0 0 7.0686 1 0
4 -1.2000 -947.9296 1492.9158 0 0 7.0686 1 0
4 -1.2000 -955.0006 1499.9868 0 0 7.0686 1 0
4 -1.2000 -962.0717 1507.0579 0 0 7.0686 1 0
4 -1.2000 -969.1428 1514.1289 0 0 7.0686 1 0
4 -1.2000 -976.2139 1521.2000 0 0 7.0686 1 0
4 -1.2000 -983.2849 1528.2711 0 0 7.0686 1 0
4 -1.2000 -990.3560 1535.3421 0 0 7.0686 1 0
4 -1.2000 -997.4271 1542.4132 0 0 7.0686 1 0
4 -1.2000 -1004.4981 1549.4843 0 0 7.0686 1 0
4 -1.2000 -1011.5692 1556.5553 0 0 7.0686 1 0
4 -1.2000 -1018.6403 1563.6264 0 0 7.0686 1 0
4 -1.2000 -1025.7113 1570.6975 0 0 7.0686 1 0
4 -1.2000 -1032.7824 1577.7685 0 0 7.0686 1 0
4 -1.2000 -1039.8535 1584.8396 0 0 7.0686 1 0
4 -1.2000 -1046.9246 1591.9107 0 0 7.0686 1 0
4 -1.2000 -1053.9956 1598.9817 0 0 7.0686 1 0
4 -1.2000 -1061.0667 1606.0528 0 0 7.0686 1 0
4 -1.2000 -1068.1378 1613.1239 0 0 7.0686 1 0
4 -1.2000 -1075.2088 1620.1949 0 0 7.0686 1 0
4 -1.2000 -1082.2799 1627.2660 0 0 7.0686 1 0
4 -1.2000 -1089.3510 1634.3371 0 0 7.0686 1 0
4 -1.2000 -1096.4220 1641.4081 0 0 7.0686 1 0
4 -1.2000 -1103.4931 1648.4792 0 0 7.0686 1 0
4 -1.2000 -1110.5642 1655.5503 0 0 7.0686 1 0
4 -1.2000 -1117.6353 1662.6213 0 0 7.0686 1 0
4 -1.2000 -1124.7063 1669.6924 0 0 7.0686 1 0
4 -1.2000 -1131.7774 1676.7635 0 0 7.0686 1 0
4 -1.2000 -1138.8485 1683.8345 0 0 7.0686 1 0
4 -1.2000 -1145.9195 1690.9056 0 0 7.0686 1 0
4 -1.2000 -1152.9906 1697.9767 0 0 7.0686 1 0
4 -1.2000 -1160.0617 1705.0477 0 0 7.0686 1 0
4 -1.2000 -1167.1327 1712.1188 0 0 7.0686 1 0
4 -1.2000 -1174.2038 1719.1898 0 0 7.0686 1 0
4 -1.2000 -1181.2749 1726.2609 0 0 7.0686 1 0
4 -1.2000 -1188.3460 1733.3320 0 0 7.0686 1 0
4 -1.2000 -1195.4170 1740.4030 0 0 7.0686 1 0
5 -1.2000 -1202.4881 1747.4741 0 0 7.0686 1 0
5 -1.2000 -1210.7493 1752.9941 0 0 7.4613 1 0
5 -1.2000 -1220.4941 1754.9325 0 0 7.8540 1 0
5 -1.2000 -1230.2389 1752.9942 0 0 8.2467 1 0
5 -1.2000 -1238.5001 1747.4743 0 0 8.6394 1 0
5 -1.2000 -1244.0202 1739.2131 0 0 9.0321 1 0
5 -1.2000 -1245.9586 1729.4683 0 0 9.4248 1 0
5 -1.2000 -1244.0203 1719.7235 0 0 9.8175 1 0
5 -1.2000 -1238.5003 1711.4623 0 0 10.2102 1 0
14 -1.2000 -1230.2391 1705.9422 0 0 10.6029 1 0
26 1.2000 -1221.0003 1702.1154 0 0 10.6029 1 0
26 3.6000 -1211.7615 1698.2886 0 0 10.6029 1 0
26 6.0000 -1202.5228 1694.4618 0 0 10.6029 1 0
26 8.4000 -1193.2840 1690.6349 0 0 10.6029 1 0
15 10.8000 -1184.0452 1686.8081 0 0 10.6029 1 0
15 10.8000 -1174.8064 1682.9813 0 0 10.6029 1 0
15 10.8000 -1165.5676 1679.1544 0 0 10.6029 1 0
15 10.8000 -1156.3288 1675.3276 0 0 10.6029 1 0
15 10.8000 -1147.0900 1671.5008 0 0 10.6029 1 0
15 10.8000 -1137.8512 1667.6739 0 0 10.6029 1 0
15 10.8000 -1128.6124 1663.8471 0 0 10.6029 1 0
15 10.8000 -1119.3736 1660.0203 0 0 10.6029 1 0
15 10.8000 -1110.1348 1656.1935 0 0 10.6029 1 0
15 10.8000 -1100.8960 1652.3666 0 0 10.6029 1 0
15 10.8000 -1091.6572 1648.5398 0 0 10.6029 1 0
15 10.8000 -1082.4184 1644.7130 0 0 10.6029 1 0
26 8.4000 -1063.9408 1637.0593 0 0 13.7445 1 0
26 6.0000 -1054.7020 1633.2325 0 0 13.7445 1 0
26 3.6000 -1045.4632 1629.4057 0 0 13.7445 1 0
26 1.2000 -1036.2244 1625.5788 0 0 13.7445 1 0
14 -1.2000 -1026.9856 1621.7520 0 0 13.7445 1 0
7 -1.2000 -1026.9856 1621.7520 0 0 10.6029 1 0
7 -1.2000 -1018.7243 1616.2321 0 0 10.2102 1 0
14 -1.2000 -1013.2043 1607.9709 0 0 9.8175 1 0
26 1.2000 -1009.3775 1598.7321 0 0 9.8175 1 0
26 3.6000 -1005.5506 1589.4933 0 0 9.8175 1 0
26 6.0000 -1001.7238 1580.2545 0 0 9.8175 1 0
26 8.4000 -997.8969 1571.0157 0 0 9.8175 1 0
15 10.8000 -994.0701 1561.7769 0 0 9.8175 1 0
15 10.8000 -990.2433 1552.5381 0 0 9.8175 1 0
15 10.8000 -986.4164 1543.2993 0 0 9.8175 1 0
15 10.8000 -982.5896 1534.0605 0 0 9.8175 1 0
15 10.8000 -978.7628 1524.8217 0 0 9.8175 1 0
15 10.8000 -974.9359 1515.5829 0 0 9.8175 1 0
15 10.8000 -971.1091 1506.3441 0 0 9.8175 1 0
15 10.8000 -967.2822 1497.1053 0 0 9.8175 1 0
15 10.8000 -963.4554 1487.8666 0 0 9.8175 1 0
15 10.8000 -959.6286 1478.6278 0 0 9.8175 1 0
15 10.8000 -955.8017 1469.3890 0 0 9.8175 1 0
15 10.8000 -951.9749 1460.1502 0 0 9.8175 1 0
26 8.4000 -944.3212 1441.6726 0 0 12.9591 1 0
26 6.0000 -940.4944 1432.4338 0 0 12.9591 1 0
26 3.6000 -936.6675 1423.1950 0 0 12.9591 1 0
26 1.2000 -932.8407 1413.9562 0 0 12.9591 1 0
14 -1.2000 -929.0139 1404.7174 0 0 12.9591 1 0
5 -1.2000 -929.0139 1404.7174 0 0 9.8175 1 0
5 -1.2000 -923.4939 1396.4561 0 0 10.2102 1 0
14 -1.2000 -915.2327 1390.9361 0 0 10.6029 1 0
26 1.2000 -905.9939 1387.1093 0 0 10.6029 1 0
26 3.6000 -896.7551 1383.2825 0 0 10.6029 1 0
26 6.0000 -887.5163 1379.4556 0 0 10.6029 1 0
26 8.4000 -878.2775 1375.6288 0 0 10.6029 1 0
15 10.8000 -869.0387 1371.8020 0 0 10.6029 1 0
15 10.8000 -859.7999 1367.9751 0 0 10.6029 1 0
15 10.8000 -850.5611 1364.1483 0 0 10.6029 1 0
15 10.8000 -841.3223 1360.3215 0 0 10.6029 1 0
15 10.8000 -832.0835 1356.4947 0 0 10.6029 1 0
15 10.8000 -822.8447 1352.6678 0 0 10.6029 1 0
15 10.8000 -813.6059 1348.8410 0 0 10.6029 1 0
15 10.8000 -804.3672 1345.0142 0 0 10.6029 1 0
15 10.8000 -795.1284 1341.1873 0 0 10.6029 1 0
15 10.8000 -785.8896 1337.3605 0 0 10.6029 1 0
15 10.8000 -776.6508 1333.5337 0 0 10.6029 1 0
15 10.8000 -767.4120 1329.7068 0 0 10.6029 1 0
26 8.4000 -748.9344 1322.0532 0 0 13.7445 1 0
26 6.0000 -739.6956 1318.2264 0 0 13.7445 1 0
26 3.6000 -730.4568 1314.3995 0 0 13.7445 1 0
26 1.2000 -721.2180 1310.5727 0 0 13.7445 1 0
14 -1.2000 -711.9792 1306.7459 0 0 13.7445 1 0
7 -1.2000 -711.9792 1306.7459 0 0 10.6029 1 0
7 -1.2000 -703.7179 1301.2259 0 0 10.2102 1 0
14 -1.2000 -698.1979 1292.9647 0 0 9.8175 1 0
26 1.2000 -694.3710 1283.7260 0 0 9.8175 1 0
26 3.6000 -690.5442 1274.4872 0 0 9.8175 1 0
26 6.0000 -686.7174 1265.2484 0 0 9.8175 1 0
26 8.4000 -682.8905 1256.0096 0 0 9.8175 1 0
15 10.8000 -679.0637 1246.7708 0 0 9.8175 1 0
15 10.8000 -675.2368 1237.5320 0 0 9.8175 1 0
15 10.8000 -671.4100 1228.2932 0 0 9.8175 1 0
15 10.8000 -667.5832 1219.0544 0 0 9.8175 1 0
15 10.8000 -663.7563 1209.8156 0 0 9.8175 1 0
15 10.8000 -659.9295 1200.5768 0 0 9.8175 1 0
15 10.8000 -656.1027 1191.3380 0 0 9.8175 1 0
15 10.8000 -652.2758 1182.0992 0 0 9.8175 1 0
15 10.8000 -648.4490 1172.8604 0 0 9.8175 1 0
15 10.8000 -644.6221 1163.6216 0 0 9.8175 1 0
15 10.8000 -640.7953 1154.3828 0 0 9.8175 1 0
15 10.8000 -636.9685 1145.1440 0 0 9.8175 1 0
26 8.4000 -629.3148 1126.6665 0 0 12.9591 1 0
26 6.0000 -625.4879 1117.4277 0 0 12.9591 1 0
26 3.6000 -621.6611 1108.1889 0 0 12.9591 1 0
26 1.2000 -617.8343 1098.9501 0 0 12.9591 1 0
14 -1.2000 -614.0074 1089.7113 0 0 12.9591 1 0
5 -1.2000 -614.0074 1089.7113 0 0 9.8175 1 0
5 -1.2000 -608.4875 1081.4500 0 0 10.2102 1 0
14 -1.2000 -600.2263 1075.9300 0 0 10.6029 1 0
26 1.2000 -590.9875 1072.1032 0 0 10.6029 1 0
26 3.6000 -581.7487 1068.2763 0 0 10.6029 1 0
26 6.0000 -572.5099 1064.4495 0 0 10.6029 1 0
26 8.4000 -563.2711 1060.6227 0 0 10.6029 1 0
15 10.8000 -554.0323 1056.7959 0 0 10.6029 1 0
15 10.8000 -544.7935 1052.9690 0 0 10.6029 1 0
15 10.8000 -535.5547 1049.1422 0 0 10.6029 1 0
15 10.8000 -526.3159 1045.3154 0 0 10.6029 1 0
15 10.8000 -517.0771 1041.4885 0 0 10.6029 1 0
15 10.8000 -507.8383 1037.6617 0 0 10.6029 1 0
15 10.8000 -498.5995 1033.8349 0 0 10.6029 1 0
15 10.8000 -489.3607 1030.0080 0 0 10.6029 1 0
15 10.8000 -480.1219 1026.1812 0 0 10.6029 1 0
15 10.8000 -470.8831 1022.3544 0 0 10.6029 1 0
15 10.8000 -461.6443 1018.5276 0 0 10.6029 1 0
15 10.8000 -452.4055 1014.7007 0 0 10.6029 1 0
26 8.4000 -433.9279 1007.0471 0 0 13.7445 1 0
26 6.0000 -424.6891 1003.2202 0 0 13.7445 1 0
26 3.6000 -415.4504 999.3934 0 0 13.7445 1 0
26 1.2000 -406.2116 995.5666 0 0 13.7445 1 0
14 -1.2000 -396.9728 991.7397 0 0 13.7445 1 0
7 -1.2000 -396.9728 991.7397 0 0 10.6029 1 0
7 -1.2000 -388.7115 986.2198 0 0 10.2102 1 0
14 -1.2000 -383.1915 977.9586 0 0 9.8175 1 0
26 1.2000 -379.3646 968.7198 0 0 9.8175 1 0
26 3.6000 -375.5378 959.4810 0 0 9.8175 1 0
26 6.0000 -371.7109 950.2422 0 0 9.8175 1 0
26 8.4000 -367.8841 941.0034 0 0 9.8175 1 0
15 10.8000 -364.0573 931.7647 0 0 9.8175 1 0
15 10.8000 -360.2304 922.5259 0 0 9.8175 1 0
15 10.8000 -356.4036 913.2871 0 0 9.8175 1 0
15 10.8000 -352.5767 904.0483 0 0 9.8175 1 0
15 10.8000 -348.7499 894.8095 0 0 9.8175 1 0
15 10.8000 -344.9231 885.5707 0 0 9.8175 1 0
15 10.8000 -341.0962 876.3319 0 0 9.8175 1 0
15 10.8000 -337.2694 867.0931 0 0 9.8175 1 0
15 10.8000 -333.4426 857.8543 0 0 9.8175 1 0
15 10.8000 -329.6157 848.6155 0 0 9.8175 1 0
15 10.8000 -325.7889 839.3767 0 0 9.8175 1 0
15 10.8000 -321.9620 830.1379 0 0 9.8175 1 0
26 8.4000 -314.3084 811.6603 0 0 12.9591 1 0
26 6.0000 -310.4815 802.4215 0 0 12.9591 1 0
26 3.6000 -306.6547 793.1828 0 0 12.9591 1 0
26 1.2000 -302.8278 783.9440 0 0 12.9591 1 0
14 -1.2000 -299.0010 774.7052 0 0 12.9591 1 0
5 -1.2000 -299.0010 774.7052 0 0 9.8175 1 0
4 -1.2000 -293.4811 766.4439 0 0 10.2102 1 0
4 -1.2000 -286.4100 759.3728 0 0 10.2102 1 0
4 -1.2000 -279.3389 752.3018 0 0 10.2102 1 0
4 -1.2000 -272.2679 745.2307 0 0 10.2102 1 0
4 -1.2000 -265.1968 738.1596 0 0 10.2102 1 0
4 -1.2000 -258.1257 731.0886 0 0 10.2102 1 0
4 -1.2000 -251.0546 724.0175 0 0 10.2102 1 0
4 -1.2000 -243.9836 716.9465 0 0 10.2102 1 0
4 -1.2000 -236.9125 709.8754 0 0 10.2102 1 0
4 -1.2000 -229.8414 702.8043 0 0 10.2102 1 0
4 -1.2000 -222.7704 695.7333 0 0 10.2102 1 0
4 -1.2000 -215.6993 688.6622 0 0 10.2102 1 0
4 -1.2000 -208.6282 681.5911 0 0 10.2102 1 0
4 -1.2000 -201.5571 674.5201 0 0 10.2102 1 0
4 -1.2000 -194.4861 667.4490 0 0 10.2102 1 0
4 -1.2000 -187.4150 660.3779 0 0 10.2102 1 0
4 -1.2000 -180.3439 653.3069 0 0 10.2102 1 0
4 -1.2000 -173.2729 646.2358 0 0 10.2102 1 0
4 -1.2000 -166.2018 639.1647 0 0 10.2102 1 0
4 -1.2000 -159.1307 632.0937 0 0 10.2102 1 0
4 -1.2000 -152.0597 625.0226 0 0 10.2102 1 0
4 -1.2000 -144.9886 617.9515 0 0 10.2102 1 0
4 -1.2000 -137.9175 610.8805 0 0 10.2102 1 0
4 -1.2000 -130.8464 603.8094 0 0 10.2102 1 0
4 -1.2000 -123.7754 596.7384 0 0 10.2102 1 0
4 -1.2000 -116.7043 589.6673 0 0 10.2102 1 0
4 -1.2000 -109.6332 582.5962 0 0 10.2102 1 0
4 -1.2000 -102.5622 575.5252 0 0 10.2102 1 0
4 -1.2000 -95.4911 568.4541 0 0 10.2102 1 0
4 -1.2000 -88.4200 561.3830 0 0 10.2102 1 0
4 -1.2000 -81.3489 554.3120 0 0 10.2102 1 0
4 -1.2000 -74.2779 547.2409 0 0 10.2102 1 0
4 -1.2000 -67.2068 540.1698 0 0 10.2102 1 0
4 -1.2000 -60.1357 533.0988 0 0 10.2102 1 0
4 -1.2000 -53.0647 526.0277 0 0 10.2102 1 0
4 -1.2000 -45.9936 518.9566 0 0 10.2102 1 0
4 -1.2000 -38.9225 511.8856 0 0 10.2102 1 0
4 -1.2000 -31.8514 504.8145 0 0 10.2102 1 0
4 -1.2000 -24.7804 497.7435 0 0 10.2102 1 0
4 -1.2000 -17.7093 490.6724 0 0 10.2102 1 0
4 -1.2000 -10.6382 483.6013 0 0 10.2102 1 0
4 -1.2000 -3.5672 476.5303 0 0 10.2102 1 0
4 -1.2000 3.5039 469.4592 0 0 10.2102 1 0
4 -1.2000 10.5750 462.3881 0 0 10.2102 1 0
4 -1.2000 17.6461 455.3171 0 0 10.2102 1 0
4 -1.2000 24.7171 448.2460 0 0 10.2102 1 0
4 -1.2000 31.7882 441.1749 0 0 10.2102 1 0
21 -1.2000 38.8593 434.1039 0 0 10.2102 5 0
16 -1.2000 24.7171 448.2460 0 0 10.2102 2 0
17 -1.2000 -5.2000 40.0041 0 0 0.0000 2 0
17 -1.2000 5.2000 39.9959 0 0 0.0000 2 0
17 -1.2000 -5.2000 60.0041 0 0 0.0000 2 0
17 -1.2000 -5.2000 80.0041 0 0 0.0000 2 0
17 -1.2000 -5.2000 100.0041 0 0 0.0000 2 0
19 -10.2000 14.0000 99.9889 0 0 -0.0000 2 0
17 -2.2000 -5.2000 120.0041 0 0 0.0000 2 0
17 -2.2000 5.2000 119.9959 0 0 0.0000 2 0
17 -3.8000 -5.2000 140.0041 0 0 0.0000 2 0
17 -3.8000 5.2000 139.9959 0 0 0.0000 2 0
17 -3.8000 5.2000 159.9959 0 0 0.0000 2 0
17 -1.8000 -5.2000 180.0041 0 0 0.0000 2 0
17 -1.8000 5.2000 179.9959 0 0 0.0000 2 0
17 -4.0000 5.2000 252.0275 0 0 0.0000 2 0
18 -3.8000 -5.2000 272.0357 0 0 0.0000 2 0
18 -3.8000 5.2000 272.0275 0 0 0.0000 2 0
17 -2.2000 -5.2000 292.0357 0 0 0.0000 2 0
18 -2.2000 5.2000 292.0275 0 0 0.0000 2 0
17 -1.4000 -6.7441 309.7903 0 0 -0.3927 2 0
17 -1.4000 2.8675 313.7625 0 0 -0.3927 2 0
17 -1.2000 -14.3977 328.2679 0 0 -0.3927 2 0
17 -1.2000 -22.6186 344.0800 0 0 -0.7854 2 0
17 -1.2000 -15.2589 351.4281 0 0 -0.7854 2 0
17 -1.2000 -36.9488 350.0125 0 0 -1.5708 2 0
24 -1.2000 -51.2767 344.0744 0 0 -2.3562 2 0
17 -1.2000 -58.6248 351.4341 0 0 -2.3562 2 0
17 -1.2000 -59.4950 328.2605 0 0 -2.7489 2 0
24 -1.2000 -69.1002 332.2480 0 0 -2.7489 2 0
17 -1.2000 -67.1487 309.7829 0 0 -2.7489 2 0
17 -1.2000 -76.7539 313.7705 0 0 -2.7489 2 0
17 -1.2000 -68.6897 292.0278 0 0 -3.1416 2 0
20 -10.2000 -87.8897 292.0430 0 0 3.1416 2 0
17 -1.2000 -68.6897 272.0278 0 0 -3.1416 2 0
17 -1.2000 -79.0897 272.0360 0 0 -3.1416 2 0
17 -1.2000 -68.6897 252.0278 0 0 -3.1416 2 0
17 -1.2000 -79.0897 252.0360 0 0 -3.1416 2 0
17 -1.2000 -68.6897 232.0278 0 0 -3.1416 2 0
17 -1.2000 -79.0897 232.0360 0 0 -3.1416 2 0
20 -10.2000 -59.8897 212.0208 0 0 6.2832 2 0
17 -1.2000 -79.0897 212.0360 0 0 -3.1416 2 0
17 -1.2000 -68.6897 192.0278 0 0 -3.1416 2 0
19 -10.2000 -87.8897 192.0430 0 0 3.1416 2 0
17 -1.2000 -68.6897 152.0278 0 0 -3.1416 2 0
17 -1.2000 -79.0897 152.0360 0 0 -3.1416 2 0
17 -1.2000 -61.1533 144.4996 0 0 -4.7124 2 0
19 -10.2000 62.8859 461.0738 0 0 9.8175 2 0
17 -1.2000 80.6302 468.4072 0 0 -6.6759 2 0
24 -1.2000 59.5536 478.0794 0 0 -7.0686 2 0
19 -10.2000 39.1839 486.0039 0 0 10.2102 2 0
17 -1.2000 52.7712 499.5695 0 0 -7.0686 2 0
19 -10.2000 10.8997 514.2882 0 0 10.2102 2 0
17 -1.2000 24.4869 527.8538 0 0 -7.0686 2 0
20 -10.2000 -3.2425 528.4303 0 0 10.2102 2 0
17 -1.2000 -11.1571 548.7900 0 0 -7.0686 2 0
17 -1.2000 -3.7974 556.1381 0 0 -7.0686 2 0
17 -1.2000 -25.2993 562.9321 0 0 -7.0686 2 0
17 -1.2000 -17.9395 570.2802 0 0 -7.0686 2 0
19 -10.2000 -45.6689 570.8567 0 0 10.2102 2 0
17 -1.2000 -53.5835 591.2164 0 0 -7.0686 2 0
17 -1.2000 -67.7257 605.3585 0 0 -7.0686 2 0
24 -1.2000 -60.3659 612.7066 0 0 -7.0686 2 0
17 -1.2000 -81.8678 619.5007 0 0 -7.0686 2 0
19 -10.2000 -68.2806 633.0663 0 0 7.0686 2 0
17 -1.2000 -96.0100 633.6428 0 0 -7.0686 2 0
17 -1.2000 -110.1521 647.7849 0 0 -7.0686 2 0
20 -10.2000 -96.5649 661.3506 0 0 7.0686 2 0
19 -10.2000 -130.5217 655.7095 0 0 10.2102 2 0
17 -1.2000 -116.9345 669.2751 0 0 -7.0686 2 0
19 -10.2000 -144.6639 669.8516 0 0 10.2102 2 0
20 -10.2000 -124.8491 689.6348 0 0 7.0686 2 0
17 -1.2000 -152.5785 690.2113 0 0 -7.0686 2 0
17 -1.2000 -145.2188 697.5594 0 0 -7.0686 2 0
17 -1.2000 -166.7207 704.3535 0 0 -7.0686 2 0
17 -1.2000 -159.3609 711.7015 0 0 -7.0686 2 0
19 -10.2000 -187.0903 712.2780 0 0 10.2102 2 0
19 -10.2000 -201.2324 726.4201 0 0 10.2102 2 0
20 -10.2000 -181.4177 746.2034 0 0 7.0686 2 0
17 -1.2000 -209.1471 746.7798 0 0 -7.0686 2 0
19 -10.2000 -195.5598 760.3455 0 0 7.0686 2 0
17 -1.2000 -223.2892 760.9220 0 0 -7.0686 2 0
17 -1.2000 -215.9295 768.2700 0 0 -7.0686 2 0
17 -1.2000 -237.4314 775.0641 0 0 -7.0686 2 0
17 -1.2000 -230.0716 782.4122 0 0 -7.0686 2 0
17 -1.2000 -265.7157 803.3484 0 0 -7.0686 2 0
17 -1.2000 -258.3559 810.6964 0 0 -7.0686 2 0
17 -1.2000 -279.8578 817.4905 0 0 -7.0686 2 0
17 -1.2000 -272.4980 824.8386 0 0 -7.0686 2 0
17 -1.2000 -293.9999 831.6326 0 0 -7.0686 2 0
17 -1.2000 -286.6402 838.9807 0 0 -7.0686 2 0
17 -1.2000 -308.1421 845.7748 0 0 -7.0686 2 0
19 -10.2000 -294.5548 859.3404 0 0 7.0686 2 0
19 -10.2000 -308.6970 873.4825 0 0 7.0686 2 0
17 -1.2000 -336.4264 874.0590 0 0 -7.0686 2 0
17 -1.2000 -350.5685 888.2012 0 0 -7.0686 2 0
24 -1.2000 -343.2087 895.5492 0 0 -7.0686 2 0
17 -1.2000 -357.3509 909.6913 0 0 -7.0686 2 0
19 -10.2000 -385.0803 910.2678 0 0 10.2102 2 0
17 -1.2000 -371.4930 923.8335 0 0 -7.0686 2 0
17 -1.2000 -385.6352 937.9756 0 0 -7.0686 2 0
17 -1.2000 -407.1371 944.7697 0 0 -7.0686 2 0
17 -1.2000 -399.7773 952.1177 0 0 -7.0686 2 0
17 -1.2000 -421.2792 958.9118 0 0 -7.0686 2 0
17 -1.2000 -413.9194 966.2599 0 0 -7.0686 2 0
17 -1.2000 -435.4213 973.0539 0 0 -7.0686 2 0
17 -1.2000 -449.5635 987.1961 0 0 -7.0686 2 0
17 -1.2000 -442.2037 994.5441 0 0 -7.0686 2 0
17 -1.2000 -463.7056 1001.3382 0 0 -7.0686 2 0
17 -1.2000 -477.8478 1015.4803 0 0 -7.0686 2 0
17 -1.2000 -470.4880 1022.8284 0 0 -7.0686 2 0
17 -1.2000 -491.9899 1029.6225 0 0 -7.0686 2 0
17 -1.2000 -506.1320 1043.7646 0 0 -7.0686 2 0
17 -1.2000 -498.7723 1051.1127 0 0 -7.0686 2 0
17 -1.2000 -520.2742 1057.9067 0 0 -7.0686 2 0
20 -10.2000 -506.6869 1071.4724 0 0 7.0686 2 0
20 -10.2000 -540.6438 1065.8313 0 0 10.2102 2 0
17 -1.2000 -527.0566 1079.3969 0 0 -7.0686 2 0
19 -10.2000 -554.7859 1079.9734 0 0 10.2102 2 0
17 -1.2000 -541.1987 1093.5390 0 0 -7.0686 2 0
17 -1.2000 -562.7006 1100.3331 0 0 -7.0686 2 0
17 -1.2000 -555.3408 1107.6812 0 0 -7.0686 2 0
20 -10.2000 -563.2555 1128.0409 0 0 7.0686 2 0
19 -10.2000 -597.2124 1122.3998 0 0 10.2102 2 0
17 -1.2000 -597.7673 1150.1076 0 0 -7.0686 2 0
24 -1.2000 -611.9094 1164.2497 0 0 -7.0686 2 0
17 -1.2000 -633.4113 1171.0438 0 0 -7.0686 2 0
17 -1.2000 -647.5534 1185.1859 0 0 -7.0686 2 0
17 -1.2000 -640.1937 1192.5340 0 0 -7.0686 2 0
17 -1.2000 -661.6956 1199.3280 0 0 -7.0686 2 0
17 -1.2000 -675.8377 1213.4702 0 0 -7.0686 2 0
19 -10.2000 -696.2074 1221.3947 0 0 10.2102 2 0
17 -1.2000 -704.1220 1241.7544 0 0 -7.0686 2 0
17 -1.2000 -718.2641 1255.8966 0 0 -7.0686 2 0
17 -1.2000 -732.4063 1270.0387 0 0 -7.0686 2 0
19 -10.2000 -718.8190 1283.6043 0 0 7.0686 2 0
19 -10.2000 -752.7759 1277.9632 0 0 10.2102 2 0
17 -1.2000 -739.1887 1291.5289 0 0 -7.0686 2 0
17 -1.2000 -760.6906 1298.3230 0 0 -7.0686 2 0
17 -1.2000 -774.8327 1312.4651 0 0 -7.0686 2 0
17 -1.2000 -767.4729 1319.8131 0 0 -7.0686 2 0
17 -1.2000 -788.9748 1326.6072 0 0 -7.0686 2 0
17 -1.2000 -803.1170 1340.7493 0 0 -7.0686 2 0
20 -10.2000 -789.5297 1354.3150 0 0 7.0686 2 0
17 -1.2000 -809.8994 1362.2395 0 0 -7.0686 2 0
17 -1.2000 -831.4013 1369.0336 0 0 -7.0686 2 0
19 -10.2000 -817.8140 1382.5993 0 0 7.0686 2 0
17 -1.2000 -838.1836 1390.5238 0 0 -7.0686 2 0
17 -1.2000 -859.6855 1397.3179 0 0 -7.0686 2 0
17 -1.2000 -852.3258 1404.6659 0 0 -7.0686 2 0
17 -1.2000 -873.8277 1411.4600 0 0 -7.0686 2 0
17 -1.2000 -887.9698 1425.6021 0 0 -7.0686 2 0
17 -1.2000 -880.6101 1432.9502 0 0 -7.0686 2 0
17 -1.2000 -894.7522 1447.0923 0 0 -7.0686 2 0
17 -1.2000 -916.2541 1453.8864 0 0 -7.0686 2 0
19 -10.2000 -902.6669 1467.4520 0 0 7.0686 2 0
17 -1.2000 -930.3962 1468.0285 0 0 -7.0686 2 0
17 -1.2000 -923.0365 1475.3766 0 0 -7.0686 2 0
17 -1.2000 -937.1786 1489.5187 0 0 -7.0686 2 0
19 -10.2000 -945.0933 1509.8784 0 0 7.0686 2 0
17 -1.2000 -972.8227 1510.4549 0 0 -7.0686 2 0
24 -1.2000 -965.4629 1517.8030 0 0 -7.0686 2 0
17 -1.2000 -986.9648 1524.5971 0 0 -7.0686 2 0
17 -1.2000 -979.6050 1531.9451 0 0 -7.0686 2 0
17 -1.2000 -1001.1069 1538.7392 0 0 -7.0686 2 0
20 -10.2000 -1021.4766 1546.6637 0 0 10.2102 2 0
17 -1.2000 -1007.8893 1560.2294 0 0 -7.0686 2 0
20 -10.2000 -1035.6187 1560.8059 0 0 10.2102 2 0
20 -10.2000 -1015.8040 1580.5891 0 0 7.0686 2 0
17 -1.2000 -1043.5334 1581.1656 0 0 -7.0686 2 0
17 -1.2000 -1036.1736 1588.5136 0 0 -7.0686 2 0
17 -1.2000 -1057.6755 1595.3077 0 0 -7.0686 2 0
19 -10.2000 -1044.0883 1608.8733 0 0 7.0686 2 0
19 -10.2000 -1078.0451 1603.2323 0 0 10.2102 2 0
17 -1.2000 -1064.4579 1616.7979 0 0 -7.0686 2 0
17 -1.2000 -1078.6000 1630.9400 0 0 -7.0686 2 0
17 -1.2000 -1092.7422 1645.0822 0 0 -7.0686 2 0
19 -10.2000 -1120.4716 1645.6586 0 0 10.2102 2 0
17 -1.2000 -1135.1686 1687.5085 0 0 -7.0686 2 0
17 -1.2000 -1156.6705 1694.3026 0 0 -7.0686 2 0
17 -1.2000 -1149.3107 1701.6507 0 0 -7.0686 2 0
17 -1.2000 -1170.8126 1708.4448 0 0 -7.0686 2 0
17 -1.2000 -1163.4529 1715.7928 0 0 -7.0686 2 0
17 -1.2000 -1184.9548 1722.5869 0 0 -7.0686 2 0
20 -10.2000 -1171.3675 1736.1525 0 0 7.0686 2 0
17 -1.2000 -1199.0969 1736.7290 0 0 -7.0686 2 0
17 -1.2000 -1191.7371 1744.0771 0 0 -7.0686 2 0
19 -10.2000 -1205.3814 1765.9242 0 0 7.4613 2 0
19 -10.2000 -1224.8916 1740.0557 0 0 11.3883 2 0
17 -1.2000 -1232.2250 1757.8000 0 0 -8.2467 2 0
17 -1.2000 -1239.2176 1737.2193 0 0 -9.0321 2 0
19 -10.2000 -1256.9502 1744.5810 0 0 9.0321 2 0
17 -1.2000 -1239.2145 1721.7097 0 0 -9.8175 2 0
17 -1.2000 -1248.8260 1717.7374 0 0 -9.8175 2 0
17 -1.2000 -282.7301 763.0469 0 0 -10.2102 2 0
20 -10.2000 -296.3174 749.4812 0 0 10.2102 2 0
17 -1.2000 -275.9477 741.5567 0 0 -10.2102 2 0
17 -1.2000 -254.4458 734.7626 0 0 -10.2102 2 0
17 -1.2000 -247.6635 713.2724 0 0 -10.2102 2 0
17 -1.2000 -226.1616 706.4783 0 0 -10.2102 2 0
17 -1.2000 -212.0194 692.3362 0 0 -10.2102 2 0
20 -10.2000 -211.4645 664.6285 0 0 10.2102 2 0
19 -10.2000 -177.5076 670.2695 0 0 13.3518 2 0
17 -1.2000 -191.0949 656.7039 0 0 -10.2102 2 0
24 -1.2000 -169.5930 649.9098 0 0 -10.2102 2 0
19 -10.2000 -149.2234 641.9853 0 0 13.3518 2 0
20 -10.2000 -169.0381 622.2021 0 0 10.2102 2 0
17 -1.2000 -141.3087 621.6256 0 0 -10.2102 2 0
17 -1.2000 -148.6685 614.2775 0 0 -10.2102 2 0
19 -10.2000 -120.9391 613.7010 0 0 13.3518 2 0
17 -1.2000 -134.5263 600.1354 0 0 -10.2102 2 0
17 -1.2000 -113.0244 593.3413 0 0 -10.2102 2 0
20 -10.2000 -126.6117 579.7757 0 0 10.2102 2 0
19 -10.2000 -112.4695 565.6335 0 0 10.2102 2 0
19 -10.2000 -78.5126 571.2746 0 0 13.3518 2 0
17 -1.2000 -92.0999 557.7090 0 0 -10.2102 2 0
17 -1.2000 -70.5980 550.9149 0 0 -10.2102 2 0
19 -10.2000 -50.2284 542.9904 0 0 13.3518 2 0
17 -1.2000 -63.8156 529.4247 0 0 -10.2102 2 0
17 -1.2000 -42.3137 522.6307 0 0 -10.2102 2 0
17 -1.2000 -49.6735 515.2826 0 0 -10.2102 2 0
17 -1.2000 -28.1716 508.4885 0 0 -10.2102 2 0
17 -1.2000 -14.0294 494.3464 0 0 -10.2102 2 0
17 -1.2000 -21.3892 486.9984 0 0 -10.2102 2 0
17 -1.2000 -7.2470 472.8562 0 0 -10.2102 2 0
17 -1.2000 14.2549 466.0622 0 0 -10.2102 2 0
17 -1.2000 6.8951 458.7141 0 0 -10.2102 2 0
17 -1.2000 28.3970 451.9200 0 0 -10.2102 2 0
19 -10.2000 14.8098 438.3544 0 0 10.2102 2 0
