ambient 0.5
headlight 0.2
directional 0.6
lightdir -0.7 1.0 1.0
background 190 200 235
clfactors 1.0 1.0 1.0
objtypes 49
data/steer.geo data/steer.col data/noref.ref data/nocl.cld
data/speed.geo data/speed.col data/noref.ref data/nocl.cld
data/dmod.geo data/dmod.col data/noref.ref data/nocl.cld
data/roads.geo data/roads.col data/roads.ref data/road.cld
data/roadlw.geo data/road.col data/roadlw.ref data/road.cld
data/roadln.geo data/road.col data/roadln.ref data/road.cld
data/roadrw.geo data/road.col data/roadrw.ref data/road.cld
data/roadrn.geo data/road.col data/roadrn.ref data/road.cld
data/road25.geo data/road.col data/road25.ref data/road.cld
data/road50.geo data/road.col data/road50.ref data/road.cld
data/road75.geo data/road.col data/road75.ref data/road.cld
data/tunnb.geo data/tunnb.col data/tunnb.ref data/tunnb.cld
data/tunn.geo data/tunn.col data/tunn.ref data/tunn.cld
data/bridgec.geo data/bridgec.col data/bridgstr.ref data/bridgec.cld
data/bridges.geo data/bridges.col data/bridges.ref data/bridges.cld
data/start.geo data/start.col data/start.ref data/nocl.cld
data/tree2.geo data/tree2.col data/tree.ref data/tree.cld
data/light.geo data/light.col data/tree.ref data/nocl.cld
data/gblock3.geo data/gblock3.col data/noref.ref data/gblock3.cld
data/gblock4.geo data/gblock4.col data/noref.ref data/gblock4.cld
data/trs.geo data/trs.col data/trs.ref data/trs.cld
data/wind.geo data/wind.col data/wind.ref data/wind.cld
data/prop.geo data/prop.col data/noref.ref data/nocl.cld
data/tree4.geo data/tree4.col data/tree.ref data/nocl.cld
data/glider.geo data/glider.col data/noref.ref data/nocl.cld
data/bridgescl.geo data/bridges.col data/bridgec.ref data/bridgescl.cld
data/loop4r.geo data/loopblue.col data/loop4r.ref data/loop4r.cld
data/loop2r.geo data/loopgreen.col data/loop2r.ref data/loop2r.cld
data/loop1r.geo data/loopred.col data/loop1r.ref data/loop1r.cld
data/loop4l.geo data/loopblue.col data/loop4l.ref data/loop4l.cld
data/loop2l.geo data/loopgreen.col data/loop2l.ref data/loop2l.cld
data/loop1l.geo data/loopred.col data/loop1l.ref data/loop1l.cld
data/corkl.geo data/cork.col data/corkl.ref data/corkl.cld
data/corkr.geo data/cork.col data/corkr.ref data/corkr.cld
data/road11.geo data/road.col data/road11.ref data/road.cld
data/road12.geo data/road.col data/road12.ref data/road.cld
data/roadhill.geo data/roadhill.col data/roads.ref data/roadhill.cld
data/roadhl25.geo data/road.col data/roadhl25.ref data/road.cld
data/roadhr25.geo data/road.col data/roadhr25.ref data/road.cld
data/roadhl50.geo data/road.col data/roadhl50.ref data/road.cld
data/roadhr50.geo data/road.col data/roadhr50.ref data/road.cld
data/roadhl75.geo data/road.col data/roadhl75.ref data/road.cld
data/roadhr75.geo data/road.col data/roadhr75.ref data/road.cld
data/wroads.geo data/wroads.col data/wroads.ref data/wroad.cld
data/wroadl.geo data/wroad.col data/wroadl.ref data/wroad.cld
data/roadch.geo data/roadch.col data/roadch.ref data/roadch.cld
data/ter.geo data/ter.col data/ter.ref data/ter.cld
data/ter1.geo data/ter1.col data/ter1.ref data/ter1.cld
data/ter2.geo data/ter2.col data/ter2.ref data/ter2.cld
objects 421
16 -1.2000 0.0000 20.0000 0 0 0.0000 2 0
21 -1.2000 0.0000 0.0000 0 0 3.1416 5 0
4 -1.2000 0.0000 0.0000 0 0 -0.0000 1 0
4 -1.2000 0.0000 10.0000 0 0 -0.0000 1 0
4 -1.2000 0.0000 20.0000 0 0 -0.0000 1 0
4 -1.2000 0.0000 30.0000 0 0 -0.0000 1 0
4 -1.2000 0.0000 40.0000 0 0 -0.0000 1 0
4 -1.2000 0.0000 50.0000 0 0 -0.0000 1 0
4 -1.2000 0.0000 60.0000 0 0 -0.0000 1 0
4 -1.2000 0.0000 70.0000 0 0 -0.0000 1 0
4 -1.2000 0.0000 80.0000 0 0 -0.0000 1 0
4 -1.2000 0.0000 90.0000 0 0 -0.0000 1 0
4 -1.2000 0.0000 100.0000 0 0 -0.0000 1 0
4 -1.2000 0.0000 110.0000 0 0 -0.0000 1 0
4 -1.2000 0.0000 120.0000 0 0 -0.0000 1 0
4 -1.2000 0.0000 130.0000 0 0 -0.0000 1 0
4 -1.2000 0.0000 140.0000 0 0 -0.0000 1 0
34 -1.2000 0.0000 150.0000 0 0 0.1253 1 0
4 -1.2000 0.0000 150.0000 0 0 -0.0000 1 0
4 -1.2000 0.0000 160.0000 0 0 -0.0000 1 0
4 -1.2000 0.0000 170.0000 0 0 -0.0000 1 0
4 -1.2000 0.0000 180.0000 0 0 -0.0000 1 0
4 -1.2000 0.0000 190.0000 0 0 -0.0000 1 0
4 -1.2000 0.0000 200.0000 0 0 -0.0000 1 0
4 -1.2000 0.0000 210.0000 0 0 -0.0000 1 0
4 -1.2000 0.0000 220.0000 0 0 -0.0000 1 0
4 -1.2000 0.0000 230.0000 0 0 -0.0000 1 0
4 -1.2000 0.0000 240.0000 0 0 -0.0000 1 0
33 -1.2000 0.0000 250.0000 0 0 -0.1253 1 0
4 -1.2000 0.0000 250.0000 0 0 -0.0000 1 0
4 -1.2000 0.0000 260.0000 0 0 -0.0000 1 0
4 -1.2000 0.0000 270.0000 0 0 -0.0000 1 0
4 -1.2000 0.0000 280.0000 0 0 -0.0000 1 0
12 -1.2000 0.0000 290.0000 0 0 -0.0000 1 0
12 -1.2000 0.0000 310.0000 0 0 -3.1416 1 0
47 -1.2000 0.0000 310.0000 0 0 -0.0000 1 0
47 -1.2000 0.0000 350.0000 0 0 -0.0000 1 0
49 -1.2000 0.0000 390.0000 0 0 -0.0000 1 0
49 -1.2000 0.0000 430.0000 0 0 -0.0000 1 0
48 -1.2000 0.0000 470.0000 0 0 -0.0000 1 0
48 -1.2000 0.0000 510.0000 0 0 -0.0000 1 0
12 -1.2000 0.0000 550.0000 0 0 -0.0000 1 0
12 -1.2000 0.0000 570.0000 0 0 3.1416 1 0
4 -1.2000 0.0000 570.0000 0 0 -0.0000 1 0
4 -1.2000 0.0000 580.0000 0 0 -0.0000 1 0
4 -1.2000 0.0000 590.0000 0 0 -0.0000 1 0
5 -1.2000 0.0000 600.0000 0 0 -0.0000 1 0
5 -1.2000 -1.9383 609.7448 0 0 0.3927 1 0
9 -2.0000 -14.5293 625.0771 0 0 3.9270 1 0
10 -3.6000 -21.6004 632.1482 0 0 3.9270 1 0
11 -6.0000 -28.6714 639.2193 0 0 3.9270 1 0
11 -8.4000 -35.7425 646.2903 0 0 3.9270 1 0
11 -10.8000 -42.8136 653.3614 0 0 3.9270 1 0
11 -13.2000 -49.8846 660.4325 0 0 3.9270 1 0
11 -15.6000 -56.9557 667.5035 0 0 3.9270 1 0
11 -18.0000 -64.0268 674.5746 0 0 3.9270 1 0
11 -20.4000 -71.0978 681.6457 0 0 3.9270 1 0
11 -22.8000 -78.1689 688.7167 0 0 3.9270 1 0
11 -25.2000 -85.2400 695.7878 0 0 3.9270 1 0
11 -27.6000 -92.3110 702.8589 0 0 3.9270 1 0
11 -30.0000 -99.3821 709.9299 0 0 3.9270 1 0
11 -32.4000 -106.4532 717.0010 0 0 3.9270 1 0
11 -34.8000 -113.5243 724.0721 0 0 3.9270 1 0
11 -37.2000 -120.5953 731.1431 0 0 3.9270 1 0
11 -39.6000 -127.6664 738.2142 0 0 3.9270 1 0
11 -42.0000 -134.7375 745.2853 0 0 3.9270 1 0
11 -44.4000 -141.8085 752.3563 0 0 3.9270 1 0
11 -46.8000 -148.8796 759.4274 0 0 3.9270 1 0
11 -49.2000 -155.9507 766.4985 0 0 3.9270 1 0
11 -51.6000 -163.0217 773.5696 0 0 3.9270 1 0
10 -53.2000 -170.0928 780.6406 0 0 3.9270 1 0
9 -54.0000 -177.1639 787.7117 0 0 3.9270 1 0
7 -54.0000 -177.1639 787.7117 0 0 0.7854 1 0
7 -54.0000 -182.6839 795.9729 0 0 0.3927 1 0
7 -54.0000 -184.6223 805.7177 0 0 -0.0000 1 0
7 -54.0000 -182.6840 815.4625 0 0 -0.3927 1 0
12 -54.0000 -177.1641 823.7237 0 0 -0.7854 1 0
12 -54.0000 -163.0219 837.8659 0 0 2.3562 1 0
7 -54.0000 -163.0219 837.8659 0 0 -0.7854 1 0
7 -54.0000 -154.7607 843.3859 0 0 -1.1781 1 0
7 -54.0000 -145.0160 845.3243 0 0 -1.5708 1 0
7 -54.0000 -135.2712 843.3860 0 0 -1.9635 1 0
9 -54.0000 -127.0099 837.8661 0 0 -2.3562 1 0
10 -53.2000 -119.9388 830.7950 0 0 -2.3562 1 0
11 -51.6000 -112.8678 823.7239 0 0 -2.3562 1 0
11 -49.2000 -105.7967 816.6529 0 0 -2.3562 1 0
11 -46.8000 -98.7256 809.5818 0 0 -2.3562 1 0
11 -44.4000 -91.6546 802.5107 0 0 -2.3562 1 0
11 -42.0000 -84.5835 795.4397 0 0 -2.3562 1 0
11 -39.6000 -77.5124 788.3686 0 0 -2.3562 1 0
11 -37.2000 -70.4414 781.2975 0 0 -2.3562 1 0
11 -34.8000 -63.3703 774.2265 0 0 -2.3562 1 0
11 -32.4000 -56.2992 767.1554 0 0 -2.3562 1 0
11 -30.0000 -49.2282 760.0843 0 0 -2.3562 1 0
11 -27.6000 -42.1571 753.0133 0 0 -2.3562 1 0
11 -25.2000 -35.0860 745.9422 0 0 -2.3562 1 0
11 -22.8000 -28.0150 738.8711 0 0 -2.3562 1 0
11 -20.4000 -20.9439 731.8001 0 0 -2.3562 1 0
11 -18.0000 -13.8728 724.7290 0 0 -2.3562 1 0
11 -15.6000 -6.8018 717.6579 0 0 -2.3562 1 0
11 -13.2000 0.2693 710.5868 0 0 -2.3562 1 0
11 -10.8000 7.3404 703.5158 0 0 -2.3562 1 0
11 -8.4000 14.4114 696.4447 0 0 -2.3562 1 0
11 -6.0000 21.4825 689.3736 0 0 -2.3562 1 0
10 -3.6000 28.5536 682.3026 0 0 -2.3562 1 0
9 -2.0000 35.6246 675.2315 0 0 -2.3562 1 0
46 -1.2000 42.6957 668.1604 0 0 -2.3562 1 0
45 -1.2000 55.2868 652.8282 0 0 0.3927 1 0
45 -1.2000 57.2252 643.0834 0 0 -0.0000 1 0
44 -1.2000 57.2252 643.0834 0 0 -3.1416 1 0
44 -1.2000 57.2252 633.0834 0 0 -3.1416 1 0
44 -1.2000 57.2252 623.0834 0 0 -3.1416 1 0
44 -1.2000 57.2252 613.0834 0 0 -3.1416 1 0
44 -1.2000 57.2252 603.0834 0 0 -3.1416 1 0
44 -1.2000 57.2252 593.0834 0 0 -3.1416 1 0
44 -1.2000 57.2252 583.0834 0 0 -3.1416 1 0
44 -1.2000 57.2252 573.0834 0 0 -3.1416 1 0
44 -1.2000 57.2252 563.0834 0 0 -3.1416 1 0
44 -1.2000 57.2252 553.0834 0 0 -3.1416 1 0
46 -1.2000 57.2252 533.0834 0 0 -0.0000 1 0
4 -1.2000 57.2252 533.0834 0 0 -3.1416 1 0
4 -1.2000 57.2252 523.0834 0 0 -3.1416 1 0
4 -1.2000 57.2252 513.0834 0 0 -3.1416 1 0
4 -1.2000 57.2252 503.0834 0 0 -3.1416 1 0
4 -1.2000 57.2252 493.0834 0 0 -3.1416 1 0
38 -1.2000 57.2252 483.0834 0 0 -3.1416 1 0
38 -0.4000 59.1635 473.3386 0 0 -2.7489 1 0
38 0.4000 64.6834 465.0773 0 0 -2.3562 1 0
38 1.2000 72.9446 459.5573 0 0 -1.9635 1 0
38 2.0000 82.6894 457.6189 0 0 -1.5708 1 0
38 2.8000 92.4342 459.5572 0 0 -1.1781 1 0
38 3.6000 100.6955 465.0771 0 0 -0.7854 1 0
38 4.4000 106.2155 473.3383 0 0 -0.3927 1 0
8 5.2000 108.1539 483.0831 0 0 -0.0000 1 0
8 5.2000 111.8831 492.0862 0 0 -0.7854 1 0
8 5.2000 120.8862 495.8154 0 0 -1.5708 1 0
8 5.2000 129.8893 492.0862 0 0 -2.3562 1 0
4 5.2000 133.6185 483.0831 0 0 -3.1416 1 0
4 5.2000 133.6185 473.0831 0 0 -3.1416 1 0
4 5.2000 133.6185 463.0831 0 0 -3.1416 1 0
4 5.2000 133.6185 453.0831 0 0 -3.1416 1 0
4 5.2000 133.6185 443.0831 0 0 -3.1416 1 0
4 5.2000 133.6185 433.0831 0 0 -3.1416 1 0
4 5.2000 133.6185 423.0831 0 0 -3.1416 1 0
4 5.2000 133.6185 413.0831 0 0 -3.1416 1 0
4 5.2000 133.6185 403.0831 0 0 -3.1416 1 0
4 5.2000 133.6185 393.0831 0 0 -3.1416 1 0
46 5.2000 133.6185 383.0831 0 0 -3.1416 1 0
44 5.2000 133.6185 373.0831 0 0 -3.1416 1 0
44 5.2000 133.6185 363.0831 0 0 -3.1416 1 0
44 5.2000 133.6185 353.0831 0 0 -3.1416 1 0
44 5.2000 133.6185 343.0831 0 0 -3.1416 1 0
44 5.2000 133.6185 333.0831 0 0 -3.1416 1 0
44 5.2000 133.6185 323.0831 0 0 -3.1416 1 0
44 5.2000 133.6185 313.0831 0 0 -3.1416 1 0
44 5.2000 133.6185 303.0831 0 0 -3.1416 1 0
44 5.2000 133.6185 293.0831 0 0 -3.1416 1 0
44 5.2000 133.6185 283.0831 0 0 -3.1416 1 0
44 5.2000 133.6185 273.0831 0 0 -3.1416 1 0
44 5.2000 133.6185 263.0831 0 0 -3.1416 1 0
44 5.2000 133.6185 253.0831 0 0 -3.1416 1 0
44 5.2000 133.6185 243.0831 0 0 -3.1416 1 0
44 5.2000 133.6185 233.0831 0 0 -3.1416 1 0
44 5.2000 133.6185 223.0831 0 0 -3.1416 1 0
44 5.2000 133.6185 213.0831 0 0 -3.1416 1 0
44 5.2000 133.6185 203.0831 0 0 -3.1416 1 0
44 5.2000 133.6185 193.0831 0 0 -3.1416 1 0
44 5.2000 133.6185 183.0831 0 0 -3.1416 1 0
45 5.2000 131.6802 163.3383 0 0 -0.3927 1 0
45 5.2000 126.1602 155.0770 0 0 -0.7854 1 0
46 5.2000 119.0892 148.0060 0 0 -0.7854 1 0
4 5.2000 119.0892 148.0060 0 0 -3.9270 1 0
38 4.4000 103.7569 135.4149 0 0 -1.1781 1 0
38 3.6000 94.0121 133.4764 0 0 -1.5708 1 0
38 2.8000 84.2673 135.4147 0 0 -1.9635 1 0
4 2.8000 84.2673 135.4147 0 0 -5.1051 1 0
12 2.8000 75.0285 139.2416 0 0 -5.1051 1 0
12 2.8000 56.5509 146.8953 0 0 -1.9635 1 0
15 2.8000 56.5509 146.8953 0 0 -5.1051 1 0
15 2.8000 47.3121 150.7221 0 0 -5.1051 1 0
15 2.8000 38.0733 154.5489 0 0 -5.1051 1 0
15 2.8000 28.8346 158.3758 0 0 -5.1051 1 0
15 2.8000 19.5958 162.2026 0 0 -5.1051 1 0
15 2.8000 10.3570 166.0294 0 0 -5.1051 1 0
15 2.8000 1.1182 169.8563 0 0 -5.1051 1 0
15 2.8000 -8.1206 173.6831 0 0 -5.1051 1 0
15 2.8000 -17.3594 177.5100 0 0 -5.1051 1 0
15 2.8000 -26.5982 181.3368 0 0 -5.1051 1 0
12 2.8000 -35.8370 185.1636 0 0 -5.1051 1 0
12 2.8000 -54.3146 192.8173 0 0 -1.9635 1 0
4 2.8000 -54.3146 192.8173 0 0 -5.1051 1 0
4 2.8000 -63.5534 196.6441 0 0 -5.1051 1 0
31 2.8000 -72.7922 200.4710 0 0 -5.1051 1 0
4 2.8000 -74.7056 195.8516 0 0 -5.1051 1 0
4 2.8000 -83.9444 199.6784 0 0 -5.1051 1 0
4 2.8000 -93.1832 203.5052 0 0 -5.1051 1 0
4 2.8000 -102.4220 207.3321 0 0 -5.1051 1 0
4 2.8000 -111.6608 211.1589 0 0 -5.1051 1 0
4 2.8000 -120.8996 214.9858 0 0 -5.1051 1 0
4 2.8000 -130.1384 218.8126 0 0 -5.1051 1 0
4 2.8000 -139.3772 222.6394 0 0 -5.1051 1 0
4 2.8000 -148.6160 226.4663 0 0 -5.1051 1 0
4 2.8000 -157.8548 230.2931 0 0 -5.1051 1 0
4 2.8000 -167.0935 234.1199 0 0 -5.1051 1 0
4 2.8000 -176.3323 237.9468 0 0 -5.1051 1 0
4 2.8000 -185.5711 241.7736 0 0 -5.1051 1 0
4 2.8000 -194.8099 245.6004 0 0 -5.1051 1 0
4 2.8000 -204.0487 249.4273 0 0 -5.1051 1 0
34 2.8000 -213.2875 253.2541 0 0 -4.9798 1 0
4 2.8000 -213.2875 253.2541 0 0 -5.1051 1 0
4 2.8000 -222.5263 257.0810 0 0 -5.1051 1 0
4 2.8000 -231.7651 260.9078 0 0 -5.1051 1 0
7 2.8000 -241.0039 264.7346 0 0 -5.1051 1 0
7 2.8000 -249.2652 270.2546 0 0 -5.4978 1 0
7 2.8000 -254.7852 278.5158 0 0 -5.8905 1 0
7 2.8000 -256.7236 288.2605 0 0 -6.2832 1 0
10 2.8000 -254.7853 298.0053 0 0 -6.6759 1 0
10 4.4000 -250.9585 307.2441 0 0 -6.6759 1 0
10 6.0000 -247.1316 316.4829 0 0 -6.6759 1 0
10 7.6000 -243.3048 325.7217 0 0 -6.6759 1 0
10 9.2000 -239.4780 334.9605 0 0 -6.6759 1 0
4 10.8000 -235.6511 344.1993 0 0 -6.6759 1 0
4 10.8000 -231.8243 353.4381 0 0 -6.6759 1 0
4 10.8000 -227.9974 362.6769 0 0 -6.6759 1 0
4 10.8000 -224.1706 371.9157 0 0 -6.6759 1 0
4 10.8000 -220.3438 381.1545 0 0 -6.6759 1 0
4 10.8000 -216.5169 390.3933 0 0 -6.6759 1 0
4 10.8000 -212.6901 399.6321 0 0 -6.6759 1 0
4 10.8000 -208.8633 408.8709 0 0 -6.6759 1 0
4 10.8000 -205.0364 418.1097 0 0 -6.6759 1 0
4 10.8000 -201.2096 427.3485 0 0 -6.6759 1 0
36 6.3287 -193.9598 444.8511 0 0 -3.5343 1 0
46 6.3287 -193.9598 444.8511 0 0 -6.6759 1 0
45 6.3287 -190.1329 454.0899 0 0 -6.6759 1 0
45 6.3287 -188.1945 463.8346 0 0 -6.2832 1 0
45 6.3287 -190.1328 473.5794 0 0 -5.8905 1 0
45 6.3287 -195.6527 481.8407 0 0 -5.4978 1 0
45 6.3287 -203.9139 487.3607 0 0 -5.1051 1 0
44 6.3287 -213.6587 489.2992 0 0 -4.7124 1 0
44 6.3287 -223.6587 489.2992 0 0 -4.7124 1 0
44 6.3287 -233.6587 489.2992 0 0 -4.7124 1 0
44 6.3287 -243.6587 489.2992 0 0 -4.7124 1 0
44 6.3287 -253.6587 489.2992 0 0 -4.7124 1 0
44 6.3287 -263.6587 489.2992 0 0 -4.7124 1 0
44 6.3287 -273.6587 489.2992 0 0 -4.7124 1 0
44 6.3287 -283.6587 489.2992 0 0 -4.7124 1 0
44 6.3287 -293.6587 489.2992 0 0 -4.7124 1 0
44 6.3287 -303.6587 489.2992 0 0 -4.7124 1 0
44 6.3287 -313.6587 489.2992 0 0 -4.7124 1 0
44 6.3287 -323.6587 489.2992 0 0 -4.7124 1 0
44 6.3287 -333.6587 489.2992 0 0 -4.7124 1 0
44 6.3287 -343.6587 489.2992 0 0 -4.7124 1 0
44 6.3287 -353.6587 489.2992 0 0 -4.7124 1 0
44 6.3287 -363.6587 489.2992 0 0 -4.7124 1 0
44 6.3287 -373.6587 489.2992 0 0 -4.7124 1 0
44 6.3287 -383.6587 489.2992 0 0 -4.7124 1 0
44 6.3287 -393.6587 489.2992 0 0 -4.7124 1 0
44 6.3287 -403.6587 489.2992 0 0 -4.7124 1 0
46 6.3287 -423.6587 489.2992 0 0 -1.5708 1 0
4 6.3287 -423.6587 489.2992 0 0 -4.7124 1 0
4 6.3287 -433.6587 489.2992 0 0 -4.7124 1 0
4 6.3287 -443.6587 489.2992 0 0 -4.7124 1 0
4 6.3287 -453.6587 489.2992 0 0 -4.7124 1 0
4 6.3287 -463.6587 489.2992 0 0 -4.7124 1 0
21 6.3287 -473.6587 489.2992 0 0 -4.7124 5 0
16 6.3287 -453.6587 489.2992 0 0 -4.7124 2 0
18 -1.2000 -5.3000 40.0042 0 0 0.0000 2 0
24 -1.2000 5.3000 39.9958 0 0 0.0000 2 0
18 -1.2000 -5.3000 60.0042 0 0 0.0000 2 0
18 -1.2000 5.3000 59.9958 0 0 0.0000 2 0
17 -1.2000 -5.3000 80.0042 0 0 0.0000 2 0
24 -1.2000 5.3000 79.9958 0 0 0.0000 2 0
18 -1.2000 -5.3000 100.0042 0 0 0.0000 2 0
17 -1.2000 -5.3000 120.0042 0 0 0.0000 2 0
24 -1.2000 5.3000 119.9958 0 0 0.0000 2 0
18 -1.2000 -5.3000 190.0042 0 0 0.0000 2 0
20 -1.2000 23.0000 189.9817 0 0 -0.0000 2 0
19 -1.2000 -23.0000 210.0183 0 0 3.1416 2 0
20 -1.2000 23.0000 209.9817 0 0 -0.0000 2 0
18 -1.2000 -5.3000 600.0042 0 0 0.0000 2 0
17 -1.2000 5.3000 599.9958 0 0 0.0000 2 0
18 -1.4000 -11.2089 614.2614 0 0 -0.7854 2 0
18 -1.4000 -3.7076 621.7507 0 0 -0.7854 2 0
17 -4.2000 -25.3510 628.4035 0 0 -0.7854 2 0
18 -4.2000 -17.8497 635.8929 0 0 -0.7854 2 0
20 -8.4000 -52.0189 630.0398 0 0 3.9270 2 0
17 -13.8000 -53.6353 656.6878 0 0 -0.7854 2 0
19 -18.0000 -80.3032 658.3241 0 0 3.9270 2 0
24 -18.6000 -60.2761 678.3193 0 0 -0.7854 2 0
24 -23.4000 -81.9196 684.9721 0 0 -0.7854 2 0
24 -23.4000 -74.4183 692.4614 0 0 -0.7854 2 0
17 -28.2000 -88.5604 706.6036 0 0 -0.7854 2 0
17 -33.0000 -110.2038 713.2563 0 0 -0.7854 2 0
17 -33.0000 -102.7025 720.7457 0 0 -0.7854 2 0
18 -37.8000 -124.3460 727.3985 0 0 -0.7854 2 0
17 -37.8000 -116.8447 734.8878 0 0 -0.7854 2 0
19 -42.0000 -118.4611 761.5358 0 0 0.7854 2 0
19 -46.8000 -165.1560 743.1769 0 0 3.9270 2 0
18 -47.4000 -145.1289 763.1721 0 0 -0.7854 2 0
17 -52.2000 -166.7724 769.8249 0 0 -0.7854 2 0
24 -52.2000 -159.2711 777.3142 0 0 -0.7854 2 0
24 -54.4000 -180.9145 783.9670 0 0 -0.7854 2 0
18 -54.4000 -173.4132 791.4564 0 0 -0.7854 2 0
18 -54.0000 -189.9223 805.7219 0 0 0.0000 2 0
17 -54.0000 -179.3223 805.7134 0 0 0.0000 2 0
24 -54.0000 -145.0117 850.6243 0 0 1.5708 2 0
19 -54.0000 -145.0343 822.3243 0 0 -1.5708 2 0
18 -52.2000 -116.6184 819.9793 0 0 2.3562 2 0
18 -47.4000 -94.9750 813.3265 0 0 2.3562 2 0
24 -47.4000 -102.4763 805.8371 0 0 2.3562 2 0
17 -42.6000 -80.8329 799.1843 0 0 2.3562 2 0
17 -37.8000 -66.6907 785.0422 0 0 2.3562 2 0
20 -32.4000 -40.0228 783.4059 0 0 0.7854 2 0
19 -32.4000 -72.5756 750.9049 0 0 -2.3562 2 0
24 -28.2000 -38.4064 756.7579 0 0 2.3562 2 0
17 -28.2000 -45.9077 749.2686 0 0 2.3562 2 0
24 -23.4000 -24.2643 742.6158 0 0 2.3562 2 0
18 -23.4000 -31.7656 735.1264 0 0 2.3562 2 0
19 -18.0000 2.4036 740.9795 0 0 0.7854 2 0
24 -13.8000 4.0200 714.3315 0 0 2.3562 2 0
19 -13.2000 -16.0071 694.3363 0 0 -2.3562 2 0
17 -9.0000 18.1621 700.1894 0 0 2.3562 2 0
17 -9.0000 10.6608 692.7000 0 0 2.3562 2 0
19 -3.6000 44.8300 698.5531 0 0 0.7854 2 0
20 -1.2000 82.7252 633.0631 0 0 0.0000 2 0
17 -1.2000 49.4252 633.0896 0 0 3.1416 2 0
18 -1.2000 65.0252 613.0772 0 0 3.1416 2 0
18 -1.2000 65.0252 593.0772 0 0 3.1416 2 0
17 -1.2000 49.4252 593.0896 0 0 3.1416 2 0
24 -1.2000 65.0252 573.0772 0 0 3.1416 2 0
24 -1.2000 49.4252 573.0896 0 0 3.1416 2 0
20 -1.2000 82.7252 553.0631 0 0 0.0000 2 0
17 -1.2000 49.4252 553.0896 0 0 3.1416 2 0
24 -1.2000 62.5252 513.0792 0 0 3.1416 2 0
17 -1.2000 51.9252 513.0876 0 0 3.1416 2 0
17 -1.2000 62.5252 493.0792 0 0 3.1416 2 0
17 -1.2000 51.9252 493.0876 0 0 3.1416 2 0
18 -1.0000 64.0617 475.3629 0 0 2.7489 2 0
18 0.6000 74.9767 464.4522 0 0 1.9635 2 0
24 0.6000 70.9125 454.6623 0 0 1.9635 2 0
18 2.2000 90.4099 464.4553 0 0 1.1781 2 0
18 3.8000 101.3205 475.3704 0 0 0.3927 2 0
24 3.8000 111.1104 471.3062 0 0 0.3927 2 0
17 4.6000 108.1384 495.8368 0 0 0.7854 2 0
18 4.6000 115.6278 488.3355 0 0 0.7854 2 0
24 5.2000 133.6400 495.8309 0 0 2.3562 2 0
17 5.2000 126.1387 488.3415 0 0 2.3562 2 0
18 5.2000 138.9185 473.0789 0 0 3.1416 2 0
17 5.2000 128.3185 473.0873 0 0 3.1416 2 0
18 5.2000 138.9185 453.0789 0 0 3.1416 2 0
17 5.2000 128.3185 453.0873 0 0 3.1416 2 0
18 5.2000 138.9185 433.0789 0 0 3.1416 2 0
24 5.2000 128.3185 433.0873 0 0 3.1416 2 0
18 5.2000 138.9185 413.0789 0 0 3.1416 2 0
20 5.2000 110.6185 413.1014 0 0 -3.1416 2 0
18 5.2000 128.3185 393.0873 0 0 3.1416 2 0
18 5.2000 125.8185 353.0893 0 0 3.1416 2 0
18 5.2000 125.8185 333.0893 0 0 3.1416 2 0
18 5.2000 141.4185 313.0769 0 0 3.1416 2 0
24 5.2000 125.8185 313.0893 0 0 3.1416 2 0
24 5.2000 141.4185 293.0769 0 0 3.1416 2 0
24 5.2000 125.8185 293.0893 0 0 3.1416 2 0
18 5.2000 141.4185 273.0769 0 0 3.1416 2 0
17 5.2000 125.8185 273.0893 0 0 3.1416 2 0
17 5.2000 141.4185 253.0769 0 0 3.1416 2 0
18 5.2000 125.8185 253.0893 0 0 3.1416 2 0
24 5.2000 125.8185 233.0893 0 0 3.1416 2 0
18 5.2000 141.4185 213.0769 0 0 3.1416 2 0
17 5.2000 125.8185 213.0893 0 0 3.1416 2 0
20 5.2000 159.1185 193.0628 0 0 0.0000 2 0
20 5.2000 108.1185 193.1034 0 0 -3.1416 2 0
17 5.2000 125.8185 173.0893 0 0 3.1416 2 0
17 3.0000 94.0079 128.1764 0 0 4.7124 2 0
19 3.6000 94.0304 156.4764 0 0 -4.7124 2 0
18 2.8000 -104.4541 202.4371 0 0 5.1051 2 0
17 2.8000 -100.3899 212.2270 0 0 5.1051 2 0
17 2.8000 -122.9317 210.0908 0 0 5.1051 2 0
18 2.8000 -118.8675 219.8807 0 0 5.1051 2 0
17 2.8000 -141.4093 217.7445 0 0 5.1051 2 0
17 2.8000 -137.3450 227.5344 0 0 5.1051 2 0
24 2.8000 -159.8869 225.3982 0 0 5.1051 2 0
18 2.8000 -155.8226 235.1880 0 0 5.1051 2 0
18 2.8000 -178.3645 233.0518 0 0 5.1051 2 0
24 2.8000 -174.3002 242.8417 0 0 5.1051 2 0
17 2.8000 -259.6834 276.4914 0 0 5.8905 2 0
18 2.8000 -249.8870 280.5401 0 0 5.8905 2 0
24 2.4000 -259.6802 300.0375 0 0 6.6759 2 0
24 5.6000 -252.0266 318.5150 0 0 6.6759 2 0
18 5.6000 -242.2367 314.4508 0 0 6.6759 2 0
17 8.8000 -244.3729 336.9926 0 0 6.6759 2 0
17 8.8000 -234.5830 332.9284 0 0 6.6759 2 0
19 10.8000 -253.0665 362.2567 0 0 -3.5343 2 0
19 10.8000 -210.5821 344.6195 0 0 -6.6759 2 0
17 10.8000 -229.0656 373.9478 0 0 6.6759 2 0
24 10.8000 -219.2757 369.8836 0 0 6.6759 2 0
17 10.8000 -221.4119 392.4254 0 0 6.6759 2 0
19 10.8000 -195.2747 381.5746 0 0 -6.6759 2 0
17 10.8000 -213.7582 410.9030 0 0 6.6759 2 0
17 10.8000 -203.9683 406.8387 0 0 6.6759 2 0
20 10.8000 -222.4518 436.1671 0 0 -3.5343 2 0
17 10.8000 -196.3146 425.3163 0 0 6.6759 2 0
24 6.3287 -201.1725 476.3297 0 0 5.4978 2 0
19 6.3287 -177.6071 499.8576 0 0 -5.4978 2 0
24 6.3287 -213.6525 497.0992 0 0 4.7124 2 0
18 6.3287 -233.6649 481.4992 0 0 4.7124 2 0
24 6.3287 -233.6525 497.0992 0 0 4.7124 2 0
17 6.3287 -253.6649 481.4992 0 0 4.7124 2 0
17 6.3287 -253.6525 497.0992 0 0 4.7124 2 0
20 6.3287 -273.6790 463.7992 0 0 -1.5708 2 0
24 6.3287 -273.6525 497.0992 0 0 4.7124 2 0
24 6.3287 -293.6649 481.4992 0 0 4.7124 2 0
17 6.3287 -313.6525 497.0992 0 0 4.7124 2 0
18 6.3287 -333.6649 481.4992 0 0 4.7124 2 0
24 6.3287 -333.6525 497.0992 0 0 4.7124 2 0
18 6.3287 -353.6649 481.4992 0 0 4.7124 2 0
17 6.3287 -353.6525 497.0992 0 0 4.7124 2 0
17 6.3287 -373.6649 481.4992 0 0 4.7124 2 0
17 6.3287 -373.6525 497.0992 0 0 4.7124 2 0
20 6.3287 -393.6790 463.7992 0 0 -1.5708 2 0
17 6.3287 -453.6629 483.9992 0 0 4.7124 2 0
18 6.3287 -453.6545 494.5992 0 0 4.7124 2 0
