ambient 0.5
headlight 0.0
directional 1.1
lightdir -0.6 -1.414 0.0
background 160 180 230
clfactors 1.0 0.95 1.0
objtypes 37
data/steer.geo data/steer.col data/noref.ref data/nocl.cld
data/speed.geo data/speed.col data/noref.ref data/nocl.cld
data/dmod.geo data/dmod.col data/noref.ref data/nocl.cld
data/roads.geo data/roads.col data/roads.ref data/road.cld
data/roadlw.geo data/road.col data/roadlw.ref data/road.cld
data/roadln.geo data/road.col data/roadln.ref data/road.cld
data/roadrw.geo data/road.col data/roadrw.ref data/road.cld
data/roadrn.geo data/road.col data/roadrn.ref data/road.cld
data/road25.geo data/road.col data/road25.ref data/road.cld
data/road50.geo data/road.col data/road50.ref data/road.cld
data/road75.geo data/road.col data/road75.ref data/road.cld
data/tunnb.geo data/tunnb.col data/tunnb.ref data/tunnb.cld
data/tunn.geo data/tunn.col data/tunn.ref data/tunn.cld
data/bridgec.geo data/bridgec.col data/bridgstr.ref data/bridgec.cld
data/bridges.geo data/bridges.col data/bridges.ref data/bridges.cld
data/start.geo data/start.col data/start.ref data/nocl.cld
data/tree1.geo data/tree1.col data/tree.ref data/tree.cld
data/tree2.geo data/tree2.col data/tree.ref data/tree.cld
data/vila2.geo data/vila2.col data/vila2.ref data/vila2.cld
data/vila4.geo data/vila4.col data/vila4.ref data/vila4.cld
data/trs.geo data/trs.col data/trs.ref data/trs.cld
data/wind.geo data/wind.col data/wind.ref data/wind.cld
data/prop.geo data/prop.col data/noref.ref data/nocl.cld
data/tree3.geo data/tree3.col data/tree.ref data/nocl.cld
data/glider.geo data/glider.col data/noref.ref data/nocl.cld
data/bridgescl.geo data/bridges.col data/bridgec.ref data/bridgescl.cld
data/loop4r.geo data/loopblue.col data/loop4r.ref data/loop4r.cld
data/loop2r.geo data/loopgreen.col data/loop2r.ref data/loop2r.cld
data/loop1r.geo data/loopred.col data/loop1r.ref data/loop1r.cld
data/loop4l.geo data/loopblue.col data/loop4l.ref data/loop4l.cld
data/loop2l.geo data/loopgreen.col data/loop2l.ref data/loop2l.cld
data/loop1l.geo data/loopred.col data/loop1l.ref data/loop1l.cld
data/corkl.geo data/cork.col data/corkl.ref data/corkl.cld
data/corkr.geo data/cork.col data/corkr.ref data/corkr.cld
data/road11.geo data/road.col data/road11.ref data/road.cld
data/road12.geo data/road.col data/road12.ref data/road.cld
data/roadhill.geo data/roadhill.col data/roads.ref data/roadhill.cld
objects 347
16 -1.2000 0.0000 20.0000 0 0 0.0000 2 0
21 -1.2000 0.0000 0.0000 0 0 3.1416 5 0
4 -1.2000 0.0000 0.0000 0 0 -0.0000 1 0
4 -1.2000 0.0000 10.0000 0 0 -0.0000 1 0
4 -1.2000 0.0000 20.0000 0 0 -0.0000 1 0
4 -1.2000 0.0000 30.0000 0 0 -0.0000 1 0
4 -1.2000 0.0000 40.0000 0 0 -0.0000 1 0
4 -1.2000 0.0000 50.0000 0 0 -0.0000 1 0
4 -1.2000 0.0000 60.0000 0 0 -0.0000 1 0
7 -1.2000 0.0000 70.0000 0 0 -0.0000 1 0
7 -1.2000 1.9383 79.7448 0 0 -0.3927 1 0
7 -1.2000 7.4582 88.0061 0 0 -0.7854 1 0
7 -1.2000 15.7194 93.5261 0 0 -1.1781 1 0
7 -1.2000 25.4642 95.4645 0 0 -1.5708 1 0
4 -1.2000 35.2090 93.5262 0 0 -1.9635 1 0
5 -1.2000 44.4478 89.6994 0 0 -1.9635 1 0
5 -1.2000 54.1926 87.7610 0 0 -1.5708 1 0
5 -1.2000 63.9374 89.6993 0 0 -1.1781 1 0
5 -1.2000 72.1986 95.2192 0 0 -0.7854 1 0
5 -1.2000 77.7187 103.4804 0 0 -0.3927 1 0
4 -1.2000 79.6571 113.2252 0 0 -0.0000 1 0
4 -1.2000 79.6571 123.2252 0 0 -0.0000 1 0
4 -1.2000 79.6571 133.2252 0 0 -0.0000 1 0
4 -1.2000 79.6571 143.2252 0 0 -0.0000 1 0
4 -1.2000 79.6571 153.2252 0 0 -0.0000 1 0
4 -1.2000 79.6571 163.2252 0 0 -0.0000 1 0
4 -1.2000 79.6571 173.2252 0 0 -0.0000 1 0
4 -1.2000 79.6571 183.2252 0 0 -0.0000 1 0
4 -1.2000 79.6571 193.2252 0 0 -0.0000 1 0
4 -1.2000 79.6571 203.2252 0 0 -0.0000 1 0
4 -1.2000 79.6571 213.2252 0 0 -0.0000 1 0
37 -1.2000 79.6571 233.2252 0 0 3.1416 1 0
9 -1.2000 79.6571 233.2252 0 0 -0.0000 1 0
10 -2.0000 79.6571 253.2252 0 0 3.1416 1 0
4 -2.0000 79.6571 253.2252 0 0 -0.0000 1 0
4 -2.0000 79.6571 263.2252 0 0 -0.0000 1 0
9 -2.0000 79.6571 273.2252 0 0 -0.0000 1 0
4 -1.2000 79.6571 283.2252 0 0 -0.0000 1 0
4 -1.2000 79.6571 293.2252 0 0 -0.0000 1 0
4 -1.2000 79.6571 303.2252 0 0 -0.0000 1 0
4 -1.2000 79.6571 313.2252 0 0 -0.0000 1 0
4 -1.2000 79.6571 323.2252 0 0 -0.0000 1 0
4 -1.2000 79.6571 333.2252 0 0 -0.0000 1 0
4 -1.2000 79.6571 343.2252 0 0 -0.0000 1 0
4 -1.2000 79.6571 353.2252 0 0 -0.0000 1 0
10 -2.8000 79.6571 373.2252 0 0 3.1416 1 0
10 -2.8000 79.6571 373.2252 0 0 -0.0000 1 0
4 -1.2000 79.6571 383.2252 0 0 -0.0000 1 0
4 -1.2000 79.6571 393.2252 0 0 -0.0000 1 0
9 -1.2000 79.6571 403.2252 0 0 -0.0000 1 0
10 -0.4000 79.6571 413.2252 0 0 -0.0000 1 0
11 1.2000 79.6571 423.2252 0 0 -0.0000 1 0
36 3.6000 79.6571 433.2252 0 0 -0.0000 1 0
4 8.0713 79.6571 442.1699 0 0 -0.0000 1 0
35 1.0002 79.6571 459.2410 0 0 3.1416 1 0
35 -6.0709 79.6571 466.3121 0 0 3.1416 1 0
35 -13.1420 79.6571 473.3832 0 0 3.1416 1 0
36 -17.6133 79.6571 482.3279 0 0 3.1416 1 0
11 -20.0133 79.6571 492.3279 0 0 3.1416 1 0
10 -21.6133 79.6571 502.3279 0 0 3.1416 1 0
9 -22.4133 79.6571 512.3279 0 0 3.1416 1 0
4 -22.4133 79.6571 512.3279 0 0 -0.0000 1 0
9 -22.4133 79.6571 522.3279 0 0 -0.0000 1 0
10 -21.6133 79.6571 532.3279 0 0 -0.0000 1 0
11 -20.0133 79.6571 542.3279 0 0 -0.0000 1 0
4 -17.6133 79.6571 552.3279 0 0 -0.0000 1 0
9 -17.6133 79.6571 562.3279 0 0 -0.0000 1 0
4 -16.8133 79.6571 572.3279 0 0 -0.0000 1 0
9 -16.8133 79.6571 582.3279 0 0 -0.0000 1 0
4 -16.0133 79.6571 592.3279 0 0 -0.0000 1 0
9 -16.0133 79.6571 602.3279 0 0 -0.0000 1 0
6 -15.2133 79.6571 612.3279 0 0 -0.0000 1 0
6 -15.2133 75.9279 621.3310 0 0 0.7854 1 0
6 -15.2133 66.9248 625.0602 0 0 1.5708 1 0
4 -15.2133 57.9217 621.3310 0 0 2.3562 1 0
9 -15.2133 50.8506 614.2599 0 0 2.3562 1 0
4 -14.4133 43.7796 607.1888 0 0 2.3562 1 0
9 -14.4133 36.7085 600.1178 0 0 2.3562 1 0
4 -13.6133 29.6374 593.0467 0 0 2.3562 1 0
9 -13.6133 22.5664 585.9756 0 0 2.3562 1 0
4 -12.8133 15.4953 578.9046 0 0 2.3562 1 0
9 -12.8133 8.4242 571.8335 0 0 2.3562 1 0
4 -12.0133 1.3532 564.7624 0 0 2.3562 1 0
9 -12.0133 -5.7179 557.6914 0 0 2.3562 1 0
4 -11.2133 -12.7890 550.6203 0 0 2.3562 1 0
9 -11.2133 -19.8600 543.5492 0 0 2.3562 1 0
4 -10.4133 -26.9311 536.4781 0 0 2.3562 1 0
9 -10.4133 -34.0022 529.4071 0 0 2.3562 1 0
4 -9.6133 -41.0732 522.3360 0 0 2.3562 1 0
9 -9.6133 -48.1443 515.2649 0 0 2.3562 1 0
4 -8.8133 -55.2154 508.1939 0 0 2.3562 1 0
9 -8.8133 -62.2864 501.1228 0 0 2.3562 1 0
4 -8.0133 -69.3575 494.0517 0 0 2.3562 1 0
9 -8.0133 -76.4286 486.9807 0 0 2.3562 1 0
6 -7.2133 -83.4996 479.9096 0 0 2.3562 1 0
6 -7.2133 -87.2289 470.9065 0 0 3.1416 1 0
6 -7.2133 -83.4997 461.9034 0 0 3.9270 1 0
4 -7.2133 -74.4966 458.1742 0 0 4.7124 1 0
9 -7.2133 -64.4966 458.1742 0 0 4.7124 1 0
4 -6.4133 -54.4966 458.1742 0 0 4.7124 1 0
9 -6.4133 -44.4966 458.1742 0 0 4.7124 1 0
4 -5.6133 -34.4966 458.1742 0 0 4.7124 1 0
9 -5.6133 -24.4966 458.1742 0 0 4.7124 1 0
4 -4.8133 -14.4966 458.1742 0 0 4.7124 1 0
9 -4.8133 -4.4966 458.1742 0 0 4.7124 1 0
8 -4.0133 5.5034 458.1742 0 0 4.7124 1 0
8 -4.0133 14.5065 454.4450 0 0 3.9270 1 0
8 -4.0133 18.2358 445.4419 0 0 3.1416 1 0
4 -4.0133 14.5066 436.4388 0 0 2.3562 1 0
9 -4.0133 7.4355 429.3677 0 0 2.3562 1 0
4 -3.2133 0.3644 422.2967 0 0 2.3562 1 0
9 -3.2133 -6.7066 415.2256 0 0 2.3562 1 0
4 -2.4133 -13.7777 408.1545 0 0 2.3562 1 0
9 -2.4133 -20.8488 401.0835 0 0 2.3562 1 0
4 -1.6133 -27.9198 394.0124 0 0 2.3562 1 0
9 -1.6133 -34.9909 386.9413 0 0 2.3562 1 0
7 -0.8133 -42.0620 379.8703 0 0 2.3562 1 0
7 -0.8133 -50.3232 374.3502 0 0 1.9635 1 0
7 -0.8133 -60.0680 372.4118 0 0 1.5708 1 0
9 -1.6133 -79.0516 378.1770 0 0 4.3197 1 0
9 -1.6133 -79.0516 378.1770 0 0 1.1781 1 0
4 -0.8133 -88.2903 382.0038 0 0 1.1781 1 0
4 -0.8133 -97.5291 385.8306 0 0 1.1781 1 0
4 -0.8133 -106.7679 389.6575 0 0 1.1781 1 0
12 -0.8133 -116.0067 393.4843 0 0 1.1781 1 0
13 -0.8133 -125.2455 397.3111 0 0 1.1781 1 0
13 -0.8133 -134.4843 401.1380 0 0 1.1781 1 0
13 -0.8133 -143.7231 404.9648 0 0 1.1781 1 0
12 -0.8133 -162.2007 412.6185 0 0 4.3197 1 0
6 -0.8133 -162.2007 412.6185 0 0 1.1781 1 0
36 -0.8133 -171.9456 412.6185 0 0 1.9635 1 0
4 3.6580 -180.2094 409.1955 0 0 1.9635 1 0
4 3.6580 -189.4482 405.3686 0 0 1.9635 1 0
4 3.6580 -198.6870 401.5418 0 0 1.9635 1 0
4 3.6580 -207.9258 397.7150 0 0 1.9635 1 0
4 3.6580 -217.1646 393.8881 0 0 1.9635 1 0
4 3.6580 -226.4034 390.0613 0 0 1.9635 1 0
4 3.6580 -235.6422 386.2345 0 0 1.9635 1 0
4 3.6580 -244.8810 382.4076 0 0 1.9635 1 0
4 3.6580 -254.1198 378.5808 0 0 1.9635 1 0
4 3.6580 -263.3586 374.7540 0 0 1.9635 1 0
37 3.6580 -272.5974 370.9271 0 0 1.9635 1 0
37 3.6580 -291.0750 363.2735 0 0 5.1051 1 0
10 3.6580 -291.0750 363.2735 0 0 1.9635 1 0
10 5.2580 -300.3138 359.4466 0 0 1.9635 1 0
10 6.8580 -309.5525 355.6198 0 0 1.9635 1 0
5 8.4580 -318.7913 351.7929 0 0 1.9635 1 0
5 8.4580 -327.0526 346.2730 0 0 2.3562 1 0
5 8.4580 -332.5726 338.0118 0 0 2.7489 1 0
10 8.4580 -334.5111 328.2670 0 0 3.1416 1 0
10 10.0580 -334.5111 318.2670 0 0 3.1416 1 0
10 11.6580 -334.5110 308.2670 0 0 3.1416 1 0
5 13.2580 -334.5110 298.2670 0 0 3.1416 1 0
5 13.2580 -332.5727 288.5222 0 0 3.5343 1 0
5 13.2580 -327.0528 280.2610 0 0 3.9270 1 0
4 13.2580 -318.7916 274.7409 0 0 4.3197 1 0
4 13.2580 -309.5528 270.9141 0 0 4.3197 1 0
4 13.2580 -300.3140 267.0873 0 0 4.3197 1 0
4 13.2580 -291.0752 263.2605 0 0 4.3197 1 0
4 13.2580 -281.8364 259.4336 0 0 4.3197 1 0
4 13.2580 -272.5976 255.6068 0 0 4.3197 1 0
4 13.2580 -263.3588 251.7800 0 0 4.3197 1 0
4 13.2580 -254.1200 247.9531 0 0 4.3197 1 0
4 13.2580 -244.8812 244.1263 0 0 4.3197 1 0
4 13.2580 -235.6425 240.2995 0 0 4.3197 1 0
10 11.6580 -217.1649 232.6458 0 0 7.4613 1 0
4 11.6580 -217.1649 232.6458 0 0 4.3197 1 0
10 10.0580 -198.6873 224.9921 0 0 7.4613 1 0
4 10.0580 -198.6873 224.9921 0 0 4.3197 1 0
10 8.4580 -180.2097 217.3385 0 0 7.4613 1 0
4 8.4580 -180.2097 217.3385 0 0 4.3197 1 0
10 6.8580 -161.7321 209.6848 0 0 7.4613 1 0
4 6.8580 -161.7321 209.6848 0 0 4.3197 1 0
10 5.2580 -143.2545 202.0311 0 0 7.4613 1 0
4 5.2580 -143.2545 202.0311 0 0 4.3197 1 0
10 3.6580 -124.7769 194.3775 0 0 7.4613 1 0
4 3.6580 -124.7769 194.3775 0 0 4.3197 1 0
4 3.6580 -115.5381 190.5506 0 0 4.3197 1 0
4 3.6580 -106.2993 186.7238 0 0 4.3197 1 0
4 3.6580 -97.0605 182.8970 0 0 4.3197 1 0
4 3.6580 -87.8217 179.0701 0 0 4.3197 1 0
4 3.6580 -78.5829 175.2433 0 0 4.3197 1 0
4 3.6580 -69.3441 171.4165 0 0 4.3197 1 0
4 3.6580 -60.1053 167.5896 0 0 4.3197 1 0
4 3.6580 -50.8665 163.7628 0 0 4.3197 1 0
4 3.6580 -41.6277 159.9360 0 0 4.3197 1 0
4 3.6580 -32.3889 156.1091 0 0 4.3197 1 0
4 3.6580 -23.1501 152.2823 0 0 4.3197 1 0
4 3.6580 -13.9113 148.4555 0 0 4.3197 1 0
4 3.6580 -4.6725 144.6286 0 0 4.3197 1 0
4 3.6580 4.5662 140.8018 0 0 4.3197 1 0
4 3.6580 13.8050 136.9750 0 0 4.3197 1 0
4 3.6580 23.0438 133.1481 0 0 4.3197 1 0
4 3.6580 32.2826 129.3213 0 0 4.3197 1 0
8 3.6580 41.5214 125.4945 0 0 4.3197 1 0
7 3.6580 48.4121 118.6038 0 0 3.5343 1 0
14 3.6580 50.3505 108.8590 0 0 3.1416 1 0
15 6.0580 50.3505 98.8590 0 0 3.1416 1 0
15 6.0580 50.3505 88.8590 0 0 3.1416 1 0
26 3.6580 50.3505 68.8590 0 0 6.2832 1 0
26 1.2580 50.3505 58.8590 0 0 6.2832 1 0
14 -1.1420 50.3505 48.8590 0 0 6.2832 1 0
8 -1.1420 50.3505 48.8590 0 0 3.1416 1 0
4 -1.1420 46.6213 39.8559 0 0 2.3562 1 0
5 -1.1420 39.5503 32.7849 0 0 2.3562 1 0
5 -1.1420 34.0302 24.5237 0 0 2.7489 1 0
4 -1.1420 32.0918 14.7789 0 0 3.1416 1 0
4 -1.1420 32.0918 4.7789 0 0 3.1416 1 0
21 -1.1420 32.0918 -5.2211 0 0 3.1416 5 0
16 -1.1420 32.0918 14.7789 0 0 3.1416 2 0
17 -1.2000 -5.3000 40.0042 0 0 0.0000 2 0
17 -1.2000 5.3000 39.9958 0 0 0.0000 2 0
17 -1.2000 -5.3000 60.0042 0 0 0.0000 2 0
20 -1.2000 -5.4503 82.8122 0 0 2.7489 2 0
24 -1.2000 6.8332 77.7127 0 0 0.3927 2 0
17 -1.2000 13.6951 98.4243 0 0 1.1781 2 0
20 -1.2000 18.7750 86.1326 0 0 -1.1781 2 0
24 -1.2000 37.2411 98.4212 0 0 1.9635 2 0
24 -1.2000 33.1769 88.6313 0 0 1.9635 2 0
18 -1.2000 54.1968 93.0610 0 0 1.5708 2 0
24 -1.2000 54.1884 82.4610 0 0 1.5708 2 0
18 -1.2000 75.9433 91.4685 0 0 0.7854 2 0
18 -1.2000 74.3571 113.2294 0 0 0.0000 2 0
24 -1.2000 84.9571 113.2209 0 0 0.0000 2 0
24 -1.2000 74.3571 133.2294 0 0 0.0000 2 0
24 -1.2000 84.9571 133.2209 0 0 0.0000 2 0
17 -1.2000 74.3571 153.2294 0 0 0.0000 2 0
24 -1.2000 84.9571 153.2209 0 0 0.0000 2 0
18 -1.2000 84.9571 173.2209 0 0 0.0000 2 0
18 -1.2000 74.3571 193.2294 0 0 0.0000 2 0
24 -1.2000 84.9571 193.2209 0 0 0.0000 2 0
17 -1.2000 74.3571 213.2294 0 0 0.0000 2 0
24 -1.2000 84.9571 213.2209 0 0 0.0000 2 0
18 -1.4000 74.3571 233.2294 0 0 0.0000 2 0
24 -1.4000 84.9571 233.2209 0 0 0.0000 2 0
18 -2.4000 74.3571 253.2294 0 0 0.0000 2 0
24 -2.4000 84.9571 253.2209 0 0 0.0000 2 0
24 -2.2000 74.3571 273.2294 0 0 0.0000 2 0
24 -1.4000 74.3571 293.2294 0 0 0.0000 2 0
18 -1.4000 84.9571 293.2209 0 0 0.0000 2 0
18 -1.2000 74.3571 313.2294 0 0 0.0000 2 0
18 -1.2000 84.9571 313.2209 0 0 0.0000 2 0
20 -1.2000 71.6571 333.2315 0 0 3.1416 2 0
18 -1.2000 84.9571 333.2209 0 0 0.0000 2 0
24 -1.2000 84.9571 353.2209 0 0 0.0000 2 0
24 -3.2000 74.3571 373.2294 0 0 0.0000 2 0
17 -3.2000 84.9571 373.2209 0 0 0.0000 2 0
24 -1.6000 74.3571 393.2294 0 0 0.0000 2 0
17 -0.8000 74.3571 413.2294 0 0 0.0000 2 0
24 -0.8000 84.9571 413.2209 0 0 0.0000 2 0
17 -22.2133 74.3571 502.3321 0 0 0.0000 2 0
24 -22.2133 84.9571 502.3236 0 0 0.0000 2 0
24 -20.6133 84.9571 542.3236 0 0 0.0000 2 0
18 -18.2133 74.3571 562.3321 0 0 0.0000 2 0
17 -18.2133 84.9571 562.3236 0 0 0.0000 2 0
18 -17.0133 74.3571 582.3321 0 0 0.0000 2 0
17 -17.0133 84.9571 582.3236 0 0 0.0000 2 0
18 -16.2133 74.3571 602.3321 0 0 0.0000 2 0
17 -15.4133 72.1772 617.5863 0 0 -0.7854 2 0
17 -15.4133 79.6785 625.0756 0 0 -0.7854 2 0
24 -15.2133 54.1770 625.0816 0 0 -2.3562 2 0
17 -14.6133 47.5242 603.4382 0 0 -2.3562 2 0
24 -14.6133 40.0349 610.9395 0 0 -2.3562 2 0
24 -13.8133 33.3821 589.2960 0 0 -2.3562 2 0
24 -13.0133 19.2400 575.1539 0 0 -2.3562 2 0
24 -13.0133 11.7506 582.6552 0 0 -2.3562 2 0
18 -12.2133 -2.3915 568.5131 0 0 -2.3562 2 0
24 -11.4133 -9.0443 546.8696 0 0 -2.3562 2 0
17 -10.6133 -23.1864 532.7275 0 0 -2.3562 2 0
24 -10.6133 -30.6758 540.2288 0 0 -2.3562 2 0
18 -9.8133 -44.8179 526.0867 0 0 -2.3562 2 0
24 -9.0133 -51.4707 504.4432 0 0 -2.3562 2 0
18 -9.0133 -58.9601 511.9445 0 0 -2.3562 2 0
24 -8.2133 -65.6128 490.3011 0 0 -2.3562 2 0
17 -7.4133 -79.7550 476.1589 0 0 -2.3562 2 0
17 -7.2133 -79.7490 465.6481 0 0 -3.9270 2 0
17 -7.2133 -87.2503 458.1587 0 0 -3.9270 2 0
17 -7.4133 -64.4923 463.4742 0 0 -4.7124 2 0
17 -7.4133 -64.5008 452.8742 0 0 -4.7124 2 0
18 -6.6133 -44.5008 452.8742 0 0 -4.7124 2 0
18 -5.8133 -24.4923 463.4742 0 0 -4.7124 2 0
17 -5.8133 -24.5008 452.8742 0 0 -4.7124 2 0
24 -5.0133 -4.4923 463.4742 0 0 -4.7124 2 0
18 -5.0133 -4.5008 452.8742 0 0 -4.7124 2 0
17 -4.2133 18.2572 458.1897 0 0 -3.9270 2 0
18 -4.2133 10.7559 450.7003 0 0 -3.9270 2 0
24 -4.0133 18.2512 432.6882 0 0 -2.3562 2 0
24 -3.4133 4.1091 418.5460 0 0 -2.3562 2 0
17 -3.4133 -3.3803 426.0473 0 0 -2.3562 2 0
18 -2.6133 -10.0330 404.4039 0 0 -2.3562 2 0
24 -2.6133 -17.5224 411.9052 0 0 -2.3562 2 0
24 -1.0133 -38.3173 376.1196 0 0 -2.3562 2 0
17 -1.0133 -45.8067 383.6209 0 0 -2.3562 2 0
18 -0.8133 -60.0722 367.1118 0 0 -1.5708 2 0
17 -1.8133 -81.0837 373.2820 0 0 -1.1781 2 0
18 -1.0133 -95.4970 390.7256 0 0 -1.1781 2 0
18 3.6580 -205.9015 392.8168 0 0 -1.9635 2 0
18 3.6580 -209.9501 402.6131 0 0 -1.9635 2 0
17 3.6580 -228.4277 394.9595 0 0 -1.9635 2 0
17 3.6580 -242.8567 377.5095 0 0 -1.9635 2 0
24 3.6580 -246.9053 387.3058 0 0 -1.9635 2 0
18 3.6580 -261.3342 369.8558 0 0 -1.9635 2 0
17 3.6580 -265.3829 379.6521 0 0 -1.9635 2 0
24 3.6580 -279.8118 362.2021 0 0 -1.9635 2 0
24 4.8580 -298.2894 354.5484 0 0 -1.9635 2 0
24 4.8580 -302.3381 364.3448 0 0 -1.9635 2 0
24 8.0580 -316.7670 346.8948 0 0 -1.9635 2 0
19 8.4580 -325.1840 334.9445 0 0 5.8905 2 0
17 8.4580 -337.4676 340.0439 0 0 -2.7489 2 0
17 9.6580 -329.2111 318.2628 0 0 -3.1416 2 0
17 9.6580 -339.8110 318.2713 0 0 -3.1416 2 0
24 12.8580 -339.8110 298.2713 0 0 -3.1416 2 0
18 13.2580 -323.3022 284.0057 0 0 -3.9270 2 0
18 13.2580 -330.8035 276.5163 0 0 -3.9270 2 0
19 13.2580 -306.4855 278.3027 0 0 7.4613 2 0
18 13.2580 -311.5849 266.0192 0 0 -4.3197 2 0
17 13.2580 -289.0431 268.1554 0 0 -4.3197 2 0
18 13.2580 -293.1073 258.3655 0 0 -4.3197 2 0
17 13.2580 -274.6298 250.7118 0 0 -4.3197 2 0
24 13.2580 -256.1522 243.0582 0 0 -4.3197 2 0
24 13.2580 -233.6103 245.1944 0 0 -4.3197 2 0
17 13.2580 -237.6746 235.4045 0 0 -4.3197 2 0
24 11.2580 -215.1327 237.5407 0 0 -4.3197 2 0
24 11.2580 -219.1970 227.7508 0 0 -4.3197 2 0
18 8.0580 -182.2418 212.4435 0 0 -4.3197 2 0
24 4.8580 -141.2224 206.9261 0 0 -4.3197 2 0
24 4.8580 -145.2866 197.1362 0 0 -4.3197 2 0
17 3.2580 -122.7448 199.2724 0 0 -4.3197 2 0
24 3.2580 -126.8090 189.4825 0 0 -4.3197 2 0
24 3.6580 -108.3314 181.8289 0 0 -4.3197 2 0
24 3.6580 -85.7896 183.9651 0 0 -4.3197 2 0
18 3.6580 -89.8538 174.1752 0 0 -4.3197 2 0
24 3.6580 -67.3120 176.3114 0 0 -4.3197 2 0
18 3.6580 -71.3762 166.5215 0 0 -4.3197 2 0
17 3.6580 -48.8344 168.6578 0 0 -4.3197 2 0
17 3.6580 -52.8986 158.8679 0 0 -4.3197 2 0
18 3.6580 -30.3568 161.0041 0 0 -4.3197 2 0
24 3.6580 -34.4211 151.2142 0 0 -4.3197 2 0
24 3.6580 -11.8792 153.3504 0 0 -4.3197 2 0
20 3.6580 7.6336 148.1904 0 0 7.4613 2 0
24 3.6580 25.0760 138.0431 0 0 -4.3197 2 0
18 3.6580 21.0117 128.2532 0 0 -4.3197 2 0
24 3.6580 43.5536 130.3894 0 0 -4.3197 2 0
17 -1.1420 43.2950 29.0342 0 0 -2.3562 2 0
18 -1.1420 35.8056 36.5355 0 0 -2.3562 2 0
24 -1.1420 37.3918 14.7747 0 0 -3.1416 2 0
20 -1.1420 24.0918 14.7853 0 0 3.1416 2 0
