ambient 0.5
headlight 0.0
directional 1.1
lightdir -0.6 -1.414 0.0
background 160 180 230
clfactors 1.0 1.0 0.95
objtypes 43
data/steer.geo data/steer.col data/noref.ref data/nocl.cld
data/speed.geo data/speed.col data/noref.ref data/nocl.cld
data/dmod.geo data/dmod.col data/noref.ref data/nocl.cld
data/roads.geo data/roadcity.col data/roads.ref data/road.cld
data/roadlw.geo data/roadcity.col data/roadlw.ref data/road.cld
data/roadln.geo data/roadcity.col data/roadln.ref data/road.cld
data/roadrw.geo data/roadcity.col data/roadrw.ref data/road.cld
data/roadrn.geo data/roadcity.col data/roadrn.ref data/road.cld
data/road25.geo data/roadcity.col data/road25.ref data/road.cld
data/road50.geo data/roadcity.col data/road50.ref data/road.cld
data/road75.geo data/roadcity.col data/road75.ref data/road.cld
data/tunnb.geo data/tunnbcity.col data/tunnb.ref data/tunnb.cld
data/tunn.geo data/tunncity.col data/tunn.ref data/tunn.cld
data/bridgec.geo data/bridgecity.col data/bridgstr.ref data/bridgec.cld
data/bridges.geo data/bridges.col data/bridges.ref data/bridges.cld
data/start.geo data/start.col data/start.ref data/nocl.cld
data/tree1.geo data/tree1.col data/tree.ref data/tree.cld
data/tree2.geo data/tree2.col data/tree.ref data/tree.cld
data/vila2.geo data/vila2.col data/vila2.ref data/vila2.cld
data/vila4.geo data/vila4.col data/vila4.ref data/vila4.cld
data/trs.geo data/trs.col data/trs.ref data/trs.cld
data/wind.geo data/wind.col data/wind.ref data/wind.cld
data/prop.geo data/prop.col data/noref.ref data/nocl.cld
data/light.geo data/light.col data/tree.ref data/nocl.cld
data/glider.geo data/glider.col data/noref.ref data/nocl.cld
data/bridgescl.geo data/bridges.col data/bridgec.ref data/bridgescl.cld
data/loop4r.geo data/loopblue.col data/loop4r.ref data/loop4r.cld
data/loop2r.geo data/loopgreen.col data/loop2r.ref data/loop2r.cld
data/loop1r.geo data/loopred.col data/loop1r.ref data/loop1r.cld
data/loop4l.geo data/loopblue.col data/loop4l.ref data/loop4l.cld
data/loop2l.geo data/loopgreen.col data/loop2l.ref data/loop2l.cld
data/loop1l.geo data/loopred.col data/loop1l.ref data/loop1l.cld
data/corkl.geo data/cork.col data/corkl.ref data/corkl.cld
data/corkr.geo data/cork.col data/corkr.ref data/corkr.cld
data/road11.geo data/roadcity.col data/road11.ref data/road.cld
data/road12.geo data/roadcity.col data/road12.ref data/road.cld
data/roadhill.geo data/roadhill.col data/roads.ref data/roadhill.cld
data/roadhl25.geo data/roadcity.col data/roadhl25.ref data/road.cld
data/roadhr25.geo data/roadcity.col data/roadhr25.ref data/road.cld
data/roadhl50.geo data/roadcity.col data/roadhl50.ref data/road.cld
data/roadhr50.geo data/roadcity.col data/roadhr50.ref data/road.cld
data/roadhl75.geo data/roadcity.col data/roadhl75.ref data/road.cld
data/roadhr75.geo data/roadcity.col data/roadhr75.ref data/road.cld
objects 671
16 -1.2000 0.0000 20.0000 0 0 0.0000 2 0
21 -1.2000 0.0000 0.0000 0 0 3.1416 5 0
4 -1.2000 0.0000 0.0000 0 0 -0.0000 1 0
4 -1.2000 0.0000 10.0000 0 0 -0.0000 1 0
4 -1.2000 0.0000 20.0000 0 0 -0.0000 1 0
4 -1.2000 0.0000 30.0000 0 0 -0.0000 1 0
4 -1.2000 0.0000 40.0000 0 0 -0.0000 1 0
4 -1.2000 0.0000 50.0000 0 0 -0.0000 1 0
4 -1.2000 0.0000 60.0000 0 0 -0.0000 1 0
12 -1.2000 0.0000 70.0000 0 0 -0.0000 1 0
13 -1.2000 0.0000 80.0000 0 0 -0.0000 1 0
13 -1.2000 0.0000 90.0000 0 0 -0.0000 1 0
12 -1.2000 0.0000 110.0000 0 0 3.1416 1 0
4 -1.2000 0.0000 110.0000 0 0 -0.0000 1 0
4 -1.2000 0.0000 120.0000 0 0 -0.0000 1 0
4 -1.2000 0.0000 130.0000 0 0 -0.0000 1 0
9 -1.2000 0.0000 140.0000 0 0 -0.0000 1 0
9 -0.4000 0.0000 150.0000 0 0 -0.0000 1 0
9 0.4000 0.0000 160.0000 0 0 -0.0000 1 0
9 1.2000 0.0000 170.0000 0 0 -0.0000 1 0
9 2.0000 0.0000 180.0000 0 0 -0.0000 1 0
9 2.8000 0.0000 190.0000 0 0 -0.0000 1 0
9 3.6000 0.0000 200.0000 0 0 -0.0000 1 0
9 4.4000 0.0000 210.0000 0 0 -0.0000 1 0
9 5.2000 0.0000 220.0000 0 0 -0.0000 1 0
9 6.0000 0.0000 230.0000 0 0 -0.0000 1 0
9 6.8000 0.0000 240.0000 0 0 -0.0000 1 0
9 7.6000 0.0000 250.0000 0 0 -0.0000 1 0
9 8.4000 0.0000 260.0000 0 0 -0.0000 1 0
9 9.2000 0.0000 270.0000 0 0 -0.0000 1 0
9 10.0000 0.0000 280.0000 0 0 -0.0000 1 0
4 10.8000 0.0000 290.0000 0 0 -0.0000 1 0
7 10.8000 0.0000 300.0000 0 0 -0.0000 1 0
7 10.8000 1.9383 309.7448 0 0 -0.3927 1 0
4 10.8000 7.4582 318.0061 0 0 -0.7854 1 0
4 10.8000 14.5293 325.0771 0 0 -0.7854 1 0
4 10.8000 21.6004 332.1482 0 0 -0.7854 1 0
4 10.8000 28.6714 339.2193 0 0 -0.7854 1 0
4 10.8000 35.7425 346.2903 0 0 -0.7854 1 0
4 10.8000 42.8136 353.3614 0 0 -0.7854 1 0
4 10.8000 49.8846 360.4325 0 0 -0.7854 1 0
4 10.8000 56.9557 367.5035 0 0 -0.7854 1 0
4 10.8000 64.0268 374.5746 0 0 -0.7854 1 0
4 10.8000 71.0978 381.6457 0 0 -0.7854 1 0
4 10.8000 78.1689 388.7167 0 0 -0.7854 1 0
4 10.8000 85.2400 395.7878 0 0 -0.7854 1 0
4 10.8000 92.3110 402.8589 0 0 -0.7854 1 0
4 10.8000 99.3821 409.9299 0 0 -0.7854 1 0
4 10.8000 106.4532 417.0010 0 0 -0.7854 1 0
4 10.8000 113.5243 424.0721 0 0 -0.7854 1 0
5 10.8000 120.5953 431.1431 0 0 -0.7854 1 0
5 10.8000 126.1153 439.4043 0 0 -0.3927 1 0
4 10.8000 128.0538 449.1491 0 0 -0.0000 1 0
4 10.8000 128.0538 459.1491 0 0 -0.0000 1 0
4 10.8000 128.0538 469.1491 0 0 -0.0000 1 0
4 10.8000 128.0538 479.1491 0 0 -0.0000 1 0
4 10.8000 128.0538 489.1491 0 0 -0.0000 1 0
4 10.8000 128.0538 499.1491 0 0 -0.0000 1 0
4 10.8000 128.0538 509.1491 0 0 -0.0000 1 0
4 10.8000 128.0538 519.1491 0 0 -0.0000 1 0
4 10.8000 128.0538 529.1491 0 0 -0.0000 1 0
4 10.8000 128.0538 539.1491 0 0 -0.0000 1 0
4 10.8000 128.0538 549.1491 0 0 -0.0000 1 0
4 10.8000 128.0538 559.1491 0 0 -0.0000 1 0
4 10.8000 128.0538 569.1491 0 0 -0.0000 1 0
4 10.8000 128.0538 579.1491 0 0 -0.0000 1 0
4 10.8000 128.0538 589.1491 0 0 -0.0000 1 0
4 10.8000 128.0538 599.1491 0 0 -0.0000 1 0
4 10.8000 128.0538 609.1491 0 0 -0.0000 1 0
4 10.8000 128.0538 619.1491 0 0 -0.0000 1 0
4 10.8000 128.0538 629.1491 0 0 -0.0000 1 0
4 10.8000 128.0538 639.1491 0 0 -0.0000 1 0
4 10.8000 128.0538 649.1491 0 0 -0.0000 1 0
4 10.8000 128.0538 659.1491 0 0 -0.0000 1 0
4 10.8000 128.0538 669.1491 0 0 -0.0000 1 0
4 10.8000 128.0538 679.1491 0 0 -0.0000 1 0
4 10.8000 128.0538 689.1491 0 0 -0.0000 1 0
4 10.8000 128.0538 699.1491 0 0 -0.0000 1 0
4 10.8000 128.0538 709.1491 0 0 -0.0000 1 0
4 10.8000 128.0538 719.1491 0 0 -0.0000 1 0
4 10.8000 128.0538 729.1491 0 0 -0.0000 1 0
4 10.8000 128.0538 739.1491 0 0 -0.0000 1 0
4 10.8000 128.0538 749.1491 0 0 -0.0000 1 0
4 10.8000 128.0538 759.1491 0 0 -0.0000 1 0
39 10.8000 128.0538 769.1491 0 0 -0.0000 1 0
41 11.6000 129.9921 778.8939 0 0 -0.3927 1 0
43 13.2000 135.5120 787.1552 0 0 -0.7854 1 0
43 15.6000 143.7732 792.6752 0 0 -1.1781 1 0
43 18.0000 153.5180 794.6136 0 0 -1.5708 1 0
43 20.4000 163.2628 792.6753 0 0 -1.9635 1 0
42 22.8000 171.5240 787.1554 0 0 -2.3562 1 0
42 25.2000 179.7852 781.6354 0 0 -1.9635 1 0
42 27.6000 189.5300 779.6970 0 0 -1.5708 1 0
42 30.0000 199.2748 781.6353 0 0 -1.1781 1 0
40 32.4000 207.5361 787.1552 0 0 -0.7854 1 0
9 34.0000 213.0561 795.4164 0 0 -0.3927 1 0
4 34.8000 216.8829 804.6552 0 0 -0.3927 1 0
9 34.0000 224.5366 823.1328 0 0 2.7489 1 0
10 32.4000 228.3634 832.3716 0 0 2.7489 1 0
11 30.0000 232.1903 841.6104 0 0 2.7489 1 0
36 25.5287 235.6133 849.8742 0 0 2.7489 1 0
35 18.4576 238.3193 856.4070 0 0 2.7489 1 0
36 13.9863 241.7423 864.6709 0 0 2.7489 1 0
11 11.5863 245.5691 873.9096 0 0 2.7489 1 0
10 9.9863 249.3959 883.1484 0 0 2.7489 1 0
9 9.1863 253.2228 892.3872 0 0 2.7489 1 0
4 9.1863 253.2228 892.3872 0 0 -0.3927 1 0
4 9.1863 257.0496 901.6260 0 0 -0.3927 1 0
4 9.1863 260.8764 910.8648 0 0 -0.3927 1 0
4 9.1863 264.7033 920.1036 0 0 -0.3927 1 0
4 9.1863 272.3569 938.5812 0 0 2.7489 1 0
4 9.1863 272.3569 938.5812 0 0 -0.3927 1 0
4 9.1863 276.1838 947.8200 0 0 -0.3927 1 0
4 9.1863 280.0106 957.0588 0 0 -0.3927 1 0
4 9.1863 283.8374 966.2976 0 0 -0.3927 1 0
4 9.1863 287.6643 975.5364 0 0 -0.3927 1 0
4 9.1863 291.4911 984.7752 0 0 -0.3927 1 0
4 9.1863 295.3179 994.0140 0 0 -0.3927 1 0
4 9.1863 299.1448 1003.2528 0 0 -0.3927 1 0
4 9.1863 302.9716 1012.4916 0 0 -0.3927 1 0
4 9.1863 306.7984 1021.7304 0 0 -0.3927 1 0
9 9.1863 310.6253 1030.9692 0 0 -0.3927 1 0
10 9.9863 314.4521 1040.2080 0 0 -0.3927 1 0
11 11.5863 318.2789 1049.4468 0 0 -0.3927 1 0
11 13.9863 322.1058 1058.6856 0 0 -0.3927 1 0
11 16.3863 325.9326 1067.9243 0 0 -0.3927 1 0
11 16.3863 333.5863 1086.4019 0 0 2.7489 1 0
11 13.9863 337.4131 1095.6407 0 0 2.7489 1 0
11 11.5863 341.2399 1104.8795 0 0 2.7489 1 0
11 9.1863 345.0668 1114.1183 0 0 2.7489 1 0
11 6.7863 348.8936 1123.3571 0 0 2.7489 1 0
12 6.7863 348.8936 1123.3571 0 0 -0.3927 1 0
13 6.7863 352.7205 1132.5959 0 0 -0.3927 1 0
13 6.7863 356.5473 1141.8347 0 0 -0.3927 1 0
13 6.7863 360.3741 1151.0735 0 0 -0.3927 1 0
13 6.7863 364.2010 1160.3123 0 0 -0.3927 1 0
13 6.7863 368.0278 1169.5511 0 0 -0.3927 1 0
13 6.7863 371.8546 1178.7899 0 0 -0.3927 1 0
13 6.7863 375.6815 1188.0287 0 0 -0.3927 1 0
13 6.7863 379.5083 1197.2675 0 0 -0.3927 1 0
13 6.7863 383.3351 1206.5063 0 0 -0.3927 1 0
13 6.7863 387.1620 1215.7451 0 0 -0.3927 1 0
13 6.7863 390.9888 1224.9839 0 0 -0.3927 1 0
13 6.7863 394.8156 1234.2227 0 0 -0.3927 1 0
12 6.7863 402.4693 1252.7003 0 0 2.7489 1 0
4 6.7863 402.4693 1252.7003 0 0 -0.3927 1 0
4 6.7863 406.2961 1261.9390 0 0 -0.3927 1 0
4 6.7863 410.1230 1271.1778 0 0 -0.3927 1 0
4 6.7863 413.9498 1280.4166 0 0 -0.3927 1 0
4 6.7863 417.7766 1289.6554 0 0 -0.3927 1 0
4 6.7863 421.6035 1298.8942 0 0 -0.3927 1 0
4 6.7863 425.4303 1308.1330 0 0 -0.3927 1 0
4 6.7863 429.2571 1317.3718 0 0 -0.3927 1 0
4 6.7863 433.0840 1326.6106 0 0 -0.3927 1 0
4 6.7863 436.9108 1335.8494 0 0 -0.3927 1 0
4 6.7863 440.7376 1345.0882 0 0 -0.3927 1 0
4 6.7863 444.5645 1354.3270 0 0 -0.3927 1 0
4 6.7863 448.3913 1363.5658 0 0 -0.3927 1 0
4 6.7863 452.2181 1372.8046 0 0 -0.3927 1 0
4 6.7863 456.0450 1382.0434 0 0 -0.3927 1 0
7 6.7863 459.8718 1391.2822 0 0 -0.3927 1 0
4 6.7863 465.3917 1399.5434 0 0 -0.7854 1 0
4 6.7863 472.4628 1406.6145 0 0 -0.7854 1 0
9 6.7863 479.5339 1413.6856 0 0 -0.7854 1 0
9 7.5863 486.6049 1420.7567 0 0 -0.7854 1 0
9 8.3863 493.6760 1427.8277 0 0 -0.7854 1 0
9 9.1863 500.7471 1434.8988 0 0 -0.7854 1 0
9 9.9863 507.8182 1441.9699 0 0 -0.7854 1 0
9 10.7863 514.8892 1449.0409 0 0 -0.7854 1 0
9 11.5863 521.9603 1456.1120 0 0 -0.7854 1 0
9 12.3863 529.0314 1463.1831 0 0 -0.7854 1 0
9 13.1863 536.1024 1470.2541 0 0 -0.7854 1 0
9 13.9863 543.1735 1477.3252 0 0 -0.7854 1 0
4 14.7863 550.2446 1484.3963 0 0 -0.7854 1 0
5 14.7863 557.3156 1491.4673 0 0 -0.7854 1 0
4 14.7863 562.8357 1499.7285 0 0 -0.3927 1 0
4 14.7863 566.6625 1508.9673 0 0 -0.3927 1 0
4 14.7863 570.4893 1518.2061 0 0 -0.3927 1 0
9 13.9863 578.1430 1536.6837 0 0 2.7489 1 0
9 13.1863 581.9698 1545.9225 0 0 2.7489 1 0
4 13.1863 581.9698 1545.9225 0 0 -0.3927 1 0
4 13.1863 585.7967 1555.1613 0 0 -0.3927 1 0
6 13.1863 589.6235 1564.4001 0 0 -0.3927 1 0
4 13.1863 589.6235 1574.1450 0 0 0.3927 1 0
4 13.1863 585.7967 1583.3838 0 0 0.3927 1 0
4 13.1863 581.9698 1592.6226 0 0 0.3927 1 0
4 13.1863 578.1430 1601.8614 0 0 0.3927 1 0
4 13.1863 574.3162 1611.1002 0 0 0.3927 1 0
4 13.1863 570.4893 1620.3390 0 0 0.3927 1 0
4 13.1863 566.6625 1629.5777 0 0 0.3927 1 0
4 13.1863 562.8357 1638.8165 0 0 0.3927 1 0
4 13.1863 559.0088 1648.0553 0 0 0.3927 1 0
4 13.1863 555.1820 1657.2941 0 0 0.3927 1 0
12 13.1863 551.3552 1666.5329 0 0 0.3927 1 0
13 13.1863 547.5283 1675.7717 0 0 0.3927 1 0
13 13.1863 543.7015 1685.0105 0 0 0.3927 1 0
13 13.1863 539.8747 1694.2493 0 0 0.3927 1 0
12 13.1863 532.2210 1712.7269 0 0 3.5343 1 0
4 13.1863 532.2210 1712.7269 0 0 0.3927 1 0
4 13.1863 528.3942 1721.9657 0 0 0.3927 1 0
4 13.1863 524.5673 1731.2045 0 0 0.3927 1 0
4 13.1863 520.7405 1740.4433 0 0 0.3927 1 0
7 13.1863 516.9137 1749.6821 0 0 0.3927 1 0
7 13.1863 514.9752 1759.4269 0 0 -0.0000 1 0
4 13.1863 516.9135 1769.1717 0 0 -0.3927 1 0
4 13.1863 520.7404 1778.4105 0 0 -0.3927 1 0
4 13.1863 524.5672 1787.6493 0 0 -0.3927 1 0
4 13.1863 528.3940 1796.8880 0 0 -0.3927 1 0
4 13.1863 532.2209 1806.1268 0 0 -0.3927 1 0
4 13.1863 536.0477 1815.3656 0 0 -0.3927 1 0
4 13.1863 539.8745 1824.6044 0 0 -0.3927 1 0
4 13.1863 543.7014 1833.8432 0 0 -0.3927 1 0
4 13.1863 547.5282 1843.0820 0 0 -0.3927 1 0
4 13.1863 551.3550 1852.3208 0 0 -0.3927 1 0
4 13.1863 555.1819 1861.5596 0 0 -0.3927 1 0
4 13.1863 559.0087 1870.7984 0 0 -0.3927 1 0
4 13.1863 562.8355 1880.0372 0 0 -0.3927 1 0
4 13.1863 566.6624 1889.2760 0 0 -0.3927 1 0
4 13.1863 570.4892 1898.5148 0 0 -0.3927 1 0
4 13.1863 574.3161 1907.7536 0 0 -0.3927 1 0
4 13.1863 578.1429 1916.9924 0 0 -0.3927 1 0
4 13.1863 581.9697 1926.2312 0 0 -0.3927 1 0
4 13.1863 585.7966 1935.4700 0 0 -0.3927 1 0
4 13.1863 589.6234 1944.7088 0 0 -0.3927 1 0
4 13.1863 593.4502 1953.9476 0 0 -0.3927 1 0
4 13.1863 597.2771 1963.1864 0 0 -0.3927 1 0
4 13.1863 601.1039 1972.4252 0 0 -0.3927 1 0
4 13.1863 604.9307 1981.6640 0 0 -0.3927 1 0
4 13.1863 608.7576 1990.9027 0 0 -0.3927 1 0
4 13.1863 612.5844 2000.1415 0 0 -0.3927 1 0
4 13.1863 616.4112 2009.3803 0 0 -0.3927 1 0
4 13.1863 620.2381 2018.6191 0 0 -0.3927 1 0
4 13.1863 624.0649 2027.8579 0 0 -0.3927 1 0
4 13.1863 627.8917 2037.0967 0 0 -0.3927 1 0
4 13.1863 631.7186 2046.3355 0 0 -0.3927 1 0
4 13.1863 635.5454 2055.5743 0 0 -0.3927 1 0
4 13.1863 639.3722 2064.8131 0 0 -0.3927 1 0
4 13.1863 643.1991 2074.0519 0 0 -0.3927 1 0
4 13.1863 647.0259 2083.2907 0 0 -0.3927 1 0
5 13.1863 650.8527 2092.5295 0 0 -0.3927 1 0
4 13.1863 652.7912 2102.2743 0 0 -0.0000 1 0
4 13.1863 652.7912 2112.2743 0 0 -0.0000 1 0
4 13.1863 652.7912 2122.2743 0 0 -0.0000 1 0
4 13.1863 652.7912 2132.2743 0 0 -0.0000 1 0
4 13.1863 652.7912 2142.2743 0 0 -0.0000 1 0
4 13.1863 652.7912 2152.2743 0 0 -0.0000 1 0
4 13.1863 652.7912 2162.2743 0 0 -0.0000 1 0
29 13.1863 652.7912 2172.2743 0 0 -0.0000 1 0
4 13.1863 657.7912 2172.2743 0 0 -0.0000 1 0
11 10.7863 657.7912 2192.2743 0 0 3.1416 1 0
11 8.3863 657.7912 2202.2743 0 0 3.1416 1 0
11 5.9863 657.7912 2212.2743 0 0 3.1416 1 0
4 5.9863 657.7912 2212.2743 0 0 -0.0000 1 0
4 5.9863 657.7912 2222.2743 0 0 -0.0000 1 0
4 5.9863 657.7912 2232.2743 0 0 -0.0000 1 0
4 5.9863 657.7912 2242.2743 0 0 -0.0000 1 0
4 5.9863 657.7912 2252.2743 0 0 -0.0000 1 0
43 3.5863 655.8529 2272.0191 0 0 3.5343 1 0
43 1.1863 650.3329 2280.2803 0 0 3.9270 1 0
43 -1.2137 642.0717 2285.8004 0 0 4.3197 1 0
43 -3.6137 632.3270 2287.7388 0 0 4.7124 1 0
43 -6.0137 622.5822 2285.8005 0 0 5.1051 1 0
43 -8.4137 614.3209 2280.2806 0 0 5.4978 1 0
43 -10.8137 608.8009 2272.0194 0 0 5.8905 1 0
43 -13.2137 606.8624 2262.2746 0 0 6.2832 1 0
8 -13.2137 606.8624 2262.2746 0 0 3.1416 1 0
8 -13.2137 603.1332 2253.2715 0 0 2.3562 1 0
8 -13.2137 594.1301 2249.5423 0 0 1.5708 1 0
8 -13.2137 585.1270 2253.2715 0 0 0.7854 1 0
4 -13.2137 581.3978 2262.2746 0 0 0.0000 1 0
4 -13.2137 581.3978 2272.2746 0 0 0.0000 1 0
4 -13.2137 581.3978 2282.2746 0 0 0.0000 1 0
4 -13.2137 581.3978 2292.2746 0 0 0.0000 1 0
4 -13.2137 581.3978 2302.2746 0 0 0.0000 1 0
4 -13.2137 581.3978 2312.2746 0 0 0.0000 1 0
4 -13.2137 581.3978 2322.2746 0 0 0.0000 1 0
5 -13.2137 581.3978 2332.2746 0 0 0.0000 1 0
5 -13.2137 579.4595 2342.0194 0 0 0.3927 1 0
5 -13.2137 573.9396 2350.2806 0 0 0.7854 1 0
4 -13.2137 565.6784 2355.8007 0 0 1.1781 1 0
4 -13.2137 556.4396 2359.6275 0 0 1.1781 1 0
4 -13.2137 547.2008 2363.4543 0 0 1.1781 1 0
4 -13.2137 537.9620 2367.2812 0 0 1.1781 1 0
4 -13.2137 528.7232 2371.1080 0 0 1.1781 1 0
4 -13.2137 519.4844 2374.9348 0 0 1.1781 1 0
4 -13.2137 510.2456 2378.7617 0 0 1.1781 1 0
7 -13.2137 501.0068 2382.5885 0 0 1.1781 1 0
7 -13.2137 492.7456 2388.1084 0 0 0.7854 1 0
4 -13.2137 487.2255 2396.3696 0 0 0.3927 1 0
4 -13.2137 483.3987 2405.6084 0 0 0.3927 1 0
4 -13.2137 479.5719 2414.8472 0 0 0.3927 1 0
4 -13.2137 475.7450 2424.0860 0 0 0.3927 1 0
4 -13.2137 471.9182 2433.3248 0 0 0.3927 1 0
4 -13.2137 468.0914 2442.5636 0 0 0.3927 1 0
4 -13.2137 464.2645 2451.8024 0 0 0.3927 1 0
4 -13.2137 460.4377 2461.0412 0 0 0.3927 1 0
12 -13.2137 456.6109 2470.2800 0 0 0.3927 1 0
12 -13.2137 448.9572 2488.7576 0 0 3.5343 1 0
8 -13.2137 448.9572 2488.7576 0 0 0.3927 1 0
4 -13.2137 448.9572 2498.5025 0 0 -0.3927 1 0
4 -13.2137 452.7840 2507.7412 0 0 -0.3927 1 0
4 -13.2137 456.6109 2516.9800 0 0 -0.3927 1 0
4 -13.2137 460.4377 2526.2188 0 0 -0.3927 1 0
9 -14.0137 468.0914 2544.6964 0 0 2.7489 1 0
9 -14.8137 471.9182 2553.9352 0 0 2.7489 1 0
9 -15.6137 475.7450 2563.1740 0 0 2.7489 1 0
4 -15.6137 475.7450 2563.1740 0 0 -0.3927 1 0
7 -15.6137 479.5719 2572.4128 0 0 -0.3927 1 0
4 -15.6137 485.0918 2580.6741 0 0 -0.7854 1 0
4 -15.6137 492.1629 2587.7451 0 0 -0.7854 1 0
4 -15.6137 499.2339 2594.8162 0 0 -0.7854 1 0
4 -15.6137 506.3050 2601.8873 0 0 -0.7854 1 0
4 -15.6137 513.3761 2608.9584 0 0 -0.7854 1 0
4 -15.6137 520.4471 2616.0294 0 0 -0.7854 1 0
4 -15.6137 527.5182 2623.1005 0 0 -0.7854 1 0
4 -15.6137 534.5893 2630.1716 0 0 -0.7854 1 0
4 -15.6137 541.6603 2637.2426 0 0 -0.7854 1 0
4 -15.6137 548.7314 2644.3137 0 0 -0.7854 1 0
4 -15.6137 555.8025 2651.3848 0 0 -0.7854 1 0
4 -15.6137 562.8735 2658.4558 0 0 -0.7854 1 0
4 -15.6137 569.9446 2665.5269 0 0 -0.7854 1 0
4 -15.6137 577.0157 2672.5980 0 0 -0.7854 1 0
4 -15.6137 584.0868 2679.6690 0 0 -0.7854 1 0
4 -15.6137 591.1578 2686.7401 0 0 -0.7854 1 0
4 -15.6137 598.2289 2693.8112 0 0 -0.7854 1 0
4 -15.6137 605.3000 2700.8822 0 0 -0.7854 1 0
4 -15.6137 612.3710 2707.9533 0 0 -0.7854 1 0
4 -15.6137 619.4421 2715.0244 0 0 -0.7854 1 0
4 -15.6137 626.5132 2722.0954 0 0 -0.7854 1 0
4 -15.6137 633.5842 2729.1665 0 0 -0.7854 1 0
4 -15.6137 640.6553 2736.2376 0 0 -0.7854 1 0
4 -15.6137 647.7264 2743.3086 0 0 -0.7854 1 0
5 -15.6137 654.7974 2750.3797 0 0 -0.7854 1 0
7 -15.6137 660.3175 2758.6409 0 0 -0.3927 1 0
4 -15.6137 665.8374 2766.9022 0 0 -0.7854 1 0
4 -15.6137 672.9085 2773.9732 0 0 -0.7854 1 0
4 -15.6137 679.9795 2781.0443 0 0 -0.7854 1 0
4 -15.6137 687.0506 2788.1154 0 0 -0.7854 1 0
36 -15.6137 694.1217 2795.1864 0 0 -0.7854 1 0
36 -11.1424 700.4465 2801.5113 0 0 -0.7854 1 0
36 -6.6711 706.7714 2807.8362 0 0 -0.7854 1 0
4 -2.1998 713.0962 2814.1610 0 0 -0.7854 1 0
9 -2.9998 727.2384 2828.3031 0 0 2.3562 1 0
9 -3.7998 734.3094 2835.3742 0 0 2.3562 1 0
4 -3.7998 734.3094 2835.3742 0 0 -0.7854 1 0
4 -3.7998 741.3805 2842.4453 0 0 -0.7854 1 0
6 -3.7998 748.4516 2849.5163 0 0 -0.7854 1 0
4 -3.7998 752.1808 2858.5194 0 0 0.0000 1 0
4 -3.7998 752.1808 2868.5194 0 0 0.0000 1 0
4 -3.7998 752.1808 2878.5194 0 0 0.0000 1 0
4 -3.7998 752.1808 2888.5194 0 0 0.0000 1 0
4 -3.7998 752.1808 2898.5194 0 0 0.0000 1 0
4 -3.7998 752.1808 2908.5194 0 0 0.0000 1 0
4 -3.7998 752.1808 2918.5194 0 0 0.0000 1 0
4 -3.7998 752.1808 2928.5194 0 0 0.0000 1 0
4 -3.7998 752.1808 2938.5194 0 0 0.0000 1 0
4 -3.7998 752.1808 2948.5194 0 0 0.0000 1 0
12 -3.7998 752.1808 2958.5194 0 0 0.0000 1 0
13 -3.7998 752.1808 2968.5194 0 0 0.0000 1 0
13 -3.7998 752.1808 2978.5194 0 0 0.0000 1 0
13 -3.7998 752.1808 2988.5194 0 0 0.0000 1 0
12 -3.7998 752.1808 3008.5194 0 0 3.1416 1 0
4 -3.7998 752.1808 3008.5194 0 0 0.0000 1 0
4 -3.7998 752.1808 3018.5194 0 0 0.0000 1 0
4 -3.7998 752.1808 3028.5194 0 0 0.0000 1 0
4 -3.7998 752.1808 3038.5194 0 0 0.0000 1 0
7 -3.7998 752.1808 3048.5194 0 0 0.0000 1 0
7 -3.7998 754.1191 3058.2642 0 0 -0.3927 1 0
4 -3.7998 759.6390 3066.5255 0 0 -0.7854 1 0
4 -3.7998 766.7101 3073.5966 0 0 -0.7854 1 0
4 -3.7998 773.7812 3080.6676 0 0 -0.7854 1 0
4 -3.7998 780.8522 3087.7387 0 0 -0.7854 1 0
4 -3.7998 787.9233 3094.8098 0 0 -0.7854 1 0
4 -3.7998 794.9944 3101.8808 0 0 -0.7854 1 0
4 -3.7998 802.0654 3108.9519 0 0 -0.7854 1 0
4 -3.7998 809.1365 3116.0230 0 0 -0.7854 1 0
4 -3.7998 816.2076 3123.0941 0 0 -0.7854 1 0
4 -3.7998 823.2786 3130.1651 0 0 -0.7854 1 0
4 -3.7998 830.3497 3137.2362 0 0 -0.7854 1 0
4 -3.7998 837.4208 3144.3073 0 0 -0.7854 1 0
4 -3.7998 844.4918 3151.3783 0 0 -0.7854 1 0
4 -3.7998 851.5629 3158.4494 0 0 -0.7854 1 0
4 -3.7998 858.6340 3165.5205 0 0 -0.7854 1 0
5 -3.7998 865.7050 3172.5915 0 0 -0.7854 1 0
4 -3.7998 871.2251 3180.8527 0 0 -0.3927 1 0
4 -3.7998 875.0519 3190.0915 0 0 -0.3927 1 0
4 -3.7998 878.8787 3199.3303 0 0 -0.3927 1 0
5 -3.7998 882.7056 3208.5691 0 0 -0.3927 1 0
5 -3.7998 884.6440 3218.3139 0 0 0.0000 1 0
5 -3.7998 882.7057 3228.0587 0 0 0.3927 1 0
4 -3.7998 877.1858 3236.3200 0 0 0.7854 1 0
4 -3.7998 870.1147 3243.3910 0 0 0.7854 1 0
4 -3.7998 863.0436 3250.4621 0 0 0.7854 1 0
4 -3.7998 855.9726 3257.5332 0 0 0.7854 1 0
4 -3.7998 848.9015 3264.6042 0 0 0.7854 1 0
4 -3.7998 841.8304 3271.6753 0 0 0.7854 1 0
4 -3.7998 834.7594 3278.7464 0 0 0.7854 1 0
4 -3.7998 827.6883 3285.8174 0 0 0.7854 1 0
4 -3.7998 820.6172 3292.8885 0 0 0.7854 1 0
4 -3.7998 813.5461 3299.9596 0 0 0.7854 1 0
4 -3.7998 806.4751 3307.0306 0 0 0.7854 1 0
4 -3.7998 799.4040 3314.1017 0 0 0.7854 1 0
4 -3.7998 792.3329 3321.1728 0 0 0.7854 1 0
4 -3.7998 785.2619 3328.2438 0 0 0.7854 1 0
4 -3.7998 778.1908 3335.3149 0 0 0.7854 1 0
4 -3.7998 771.1197 3342.3860 0 0 0.7854 1 0
4 -3.7998 764.0487 3349.4570 0 0 0.7854 1 0
21 -3.7998 756.9776 3356.5281 0 0 0.7854 5 0
16 -3.7998 771.1197 3342.3860 0 0 0.7854 2 0
20 -1.2000 -8.0000 40.0064 0 0 3.1416 2 0
20 -1.2000 8.0000 39.9936 0 0 -0.0000 2 0
17 -1.2000 -5.3000 60.0042 0 0 0.0000 2 0
17 -1.4000 -5.3000 140.0042 0 0 0.0000 2 0
24 -1.4000 5.3000 139.9958 0 0 0.0000 2 0
18 0.2000 -5.3000 160.0042 0 0 0.0000 2 0
17 0.2000 5.3000 159.9958 0 0 0.0000 2 0
24 1.8000 -5.3000 180.0042 0 0 0.0000 2 0
24 1.8000 5.3000 179.9958 0 0 0.0000 2 0
18 3.4000 -5.3000 200.0042 0 0 0.0000 2 0
24 3.4000 5.3000 199.9958 0 0 0.0000 2 0
18 5.0000 5.3000 219.9958 0 0 0.0000 2 0
18 6.6000 -5.3000 240.0042 0 0 0.0000 2 0
24 6.6000 5.3000 239.9958 0 0 0.0000 2 0
24 8.2000 -5.3000 260.0042 0 0 0.0000 2 0
24 8.2000 5.3000 259.9958 0 0 0.0000 2 0
17 9.8000 -5.3000 280.0042 0 0 0.0000 2 0
24 9.8000 5.3000 279.9958 0 0 0.0000 2 0
17 10.6000 5.3000 299.9958 0 0 0.0000 2 0
17 10.8000 3.7135 321.7567 0 0 0.7854 2 0
24 10.8000 11.2029 314.2554 0 0 0.7854 2 0
20 10.8000 15.9480 337.8096 0 0 2.3562 2 0
24 10.8000 25.3450 328.3976 0 0 0.7854 2 0
18 10.8000 31.9978 350.0410 0 0 0.7854 2 0
24 10.8000 39.4872 342.5397 0 0 0.7854 2 0
17 10.8000 46.1400 364.1831 0 0 0.7854 2 0
24 10.8000 53.6293 356.6818 0 0 0.7854 2 0
24 10.8000 60.2821 378.3253 0 0 0.7854 2 0
24 10.8000 74.4242 392.4674 0 0 0.7854 2 0
18 10.8000 81.9136 384.9661 0 0 0.7854 2 0
17 10.8000 88.5664 406.6095 0 0 0.7854 2 0
17 10.8000 96.0557 399.1082 0 0 0.7854 2 0
19 10.8000 100.8008 422.6624 0 0 2.3562 2 0
18 10.8000 110.1979 413.2504 0 0 0.7854 2 0
24 10.8000 124.3400 427.3925 0 0 0.7854 2 0
24 10.8000 122.7538 449.1533 0 0 0.0000 2 0
17 10.8000 133.3538 449.1449 0 0 0.0000 2 0
24 10.8000 122.7538 469.1533 0 0 0.0000 2 0
20 10.8000 120.0538 489.1555 0 0 3.1416 2 0
24 10.8000 133.3538 489.1449 0 0 0.0000 2 0
19 10.8000 120.0538 509.1555 0 0 3.1416 2 0
24 10.8000 133.3538 509.1449 0 0 0.0000 2 0
17 10.8000 133.3538 529.1449 0 0 0.0000 2 0
24 10.8000 133.3538 549.1449 0 0 0.0000 2 0
19 10.8000 120.0538 569.1555 0 0 3.1416 2 0
18 10.8000 122.7538 589.1533 0 0 0.0000 2 0
17 10.8000 133.3538 589.1449 0 0 0.0000 2 0
18 10.8000 122.7538 609.1533 0 0 0.0000 2 0
17 10.8000 133.3538 609.1449 0 0 0.0000 2 0
19 10.8000 120.0538 629.1555 0 0 3.1416 2 0
20 10.8000 136.0538 629.1428 0 0 -0.0000 2 0
24 10.8000 133.3538 649.1449 0 0 0.0000 2 0
20 10.8000 120.0538 669.1555 0 0 3.1416 2 0
24 10.8000 133.3538 669.1449 0 0 0.0000 2 0
24 10.8000 122.7538 689.1533 0 0 0.0000 2 0
24 10.8000 122.7538 709.1533 0 0 0.0000 2 0
24 10.8000 133.3538 709.1449 0 0 0.0000 2 0
18 10.8000 133.3538 729.1449 0 0 0.0000 2 0
24 10.8000 122.7538 749.1533 0 0 0.0000 2 0
19 10.8000 136.0538 749.1428 0 0 -0.0000 2 0
18 10.2000 122.7538 769.1533 0 0 0.0000 2 0
24 10.2000 133.3538 769.1449 0 0 0.0000 2 0
17 12.6000 139.2567 783.4045 0 0 0.7854 2 0
24 17.4000 153.5222 799.9136 0 0 1.5708 2 0
18 17.4000 153.5138 789.3136 0 0 1.5708 2 0
24 22.2000 175.2747 790.9001 0 0 2.3562 2 0
18 27.0000 189.5342 784.9970 0 0 1.5708 2 0
17 31.8000 203.7914 790.9058 0 0 0.7854 2 0
17 31.8000 211.2808 783.4045 0 0 0.7854 2 0
18 34.2000 211.9880 806.6873 0 0 0.3927 2 0
18 34.2000 221.7779 802.6231 0 0 0.3927 2 0
18 33.6000 229.4316 821.1006 0 0 0.3927 2 0
18 8.7863 248.3278 894.4194 0 0 0.3927 2 0
17 8.7863 258.1177 890.3551 0 0 0.3927 2 0
24 9.1863 255.9815 912.8970 0 0 0.3927 2 0
18 9.1863 265.7714 908.8327 0 0 0.3927 2 0
17 9.1863 263.6351 931.3745 0 0 0.3927 2 0
17 9.1863 273.4250 927.3103 0 0 0.3927 2 0
24 9.1863 271.2888 949.8521 0 0 0.3927 2 0
24 9.1863 278.9425 968.3297 0 0 0.3927 2 0
20 9.1863 291.2260 963.2302 0 0 -0.3927 2 0
19 9.1863 284.1025 987.8425 0 0 2.7489 2 0
24 9.1863 296.3860 982.7431 0 0 0.3927 2 0
19 9.1863 291.7562 1006.3201 0 0 2.7489 2 0
17 9.1863 304.0397 1001.2207 0 0 0.3927 2 0
24 9.1863 301.9035 1023.7625 0 0 0.3927 2 0
17 9.1863 311.6934 1019.6983 0 0 0.3927 2 0
17 9.5863 309.5572 1042.2401 0 0 0.3927 2 0
17 13.3863 317.2108 1060.7177 0 0 0.3927 2 0
17 18.1863 334.6544 1075.1310 0 0 0.3927 2 0
18 13.3863 332.5182 1097.6729 0 0 0.3927 2 0
18 13.3863 342.3081 1093.6086 0 0 0.3927 2 0
20 6.7863 406.5612 1283.4840 0 0 2.7489 2 0
24 6.7863 418.8447 1278.3845 0 0 0.3927 2 0
20 6.7863 428.9921 1295.8269 0 0 -0.3927 2 0
24 6.7863 424.3622 1319.4039 0 0 0.3927 2 0
24 6.7863 432.0159 1337.8815 0 0 0.3927 2 0
24 6.7863 441.8058 1333.8173 0 0 0.3927 2 0
24 6.7863 439.6695 1356.3591 0 0 0.3927 2 0
19 6.7863 444.8296 1375.8719 0 0 2.7489 2 0
17 6.7863 457.1131 1370.7725 0 0 0.3927 2 0
20 6.7863 452.4832 1394.3495 0 0 2.7489 2 0
17 6.7863 464.7668 1389.2501 0 0 0.3927 2 0
24 6.7863 476.2075 1402.8639 0 0 0.7854 2 0
17 7.3863 482.8603 1424.5073 0 0 0.7854 2 0
18 7.3863 490.3496 1417.0060 0 0 0.7854 2 0
17 8.9863 497.0024 1438.6494 0 0 0.7854 2 0
18 8.9863 504.4918 1431.1481 0 0 0.7854 2 0
18 10.5863 511.1445 1452.7916 0 0 0.7854 2 0
18 12.1863 532.7760 1459.4324 0 0 0.7854 2 0
24 13.7863 546.9182 1473.5745 0 0 0.7854 2 0
24 14.5863 553.5710 1495.2180 0 0 0.7854 2 0
17 14.5863 561.0603 1487.7167 0 0 0.7854 2 0
24 14.7863 561.7675 1510.9994 0 0 0.3927 2 0
24 14.7863 571.5574 1506.9352 0 0 0.3927 2 0
17 12.9863 577.0749 1547.9546 0 0 0.3927 2 0
17 12.9863 586.8648 1543.8904 0 0 0.3927 2 0
24 13.1863 580.8985 1581.3594 0 0 -0.3927 2 0
24 13.1863 590.6948 1585.4081 0 0 -0.3927 2 0
19 13.1863 570.7495 1598.8058 0 0 3.5343 2 0
24 13.1863 583.0412 1603.8857 0 0 -0.3927 2 0
24 13.1863 575.3875 1622.3633 0 0 -0.3927 2 0
24 13.1863 557.9375 1636.7922 0 0 -0.3927 2 0
18 13.1863 567.7338 1640.8409 0 0 -0.3927 2 0
24 13.1863 550.2838 1655.2698 0 0 -0.3927 2 0
18 13.1863 560.0802 1659.3185 0 0 -0.3927 2 0
17 13.1863 519.6691 1729.1802 0 0 -0.3927 2 0
20 13.1863 531.9608 1734.2601 0 0 0.3927 2 0
18 13.1863 512.0155 1747.6578 0 0 -0.3927 2 0
24 13.1863 521.8118 1751.7064 0 0 -0.3927 2 0
24 13.1863 512.0186 1771.2038 0 0 0.3927 2 0
19 13.1863 517.1786 1790.7166 0 0 2.7489 2 0
24 13.1863 527.3259 1808.1590 0 0 0.3927 2 0
18 13.1863 537.1158 1804.0947 0 0 0.3927 2 0
24 13.1863 534.9796 1826.6366 0 0 0.3927 2 0
20 13.1863 540.1396 1846.1494 0 0 2.7489 2 0
18 13.1863 552.4232 1841.0499 0 0 0.3927 2 0
24 13.1863 550.2869 1863.5917 0 0 0.3927 2 0
19 13.1863 562.5705 1858.4923 0 0 -0.3927 2 0
24 13.1863 557.9406 1882.0693 0 0 0.3927 2 0
18 13.1863 565.5943 1900.5469 0 0 0.3927 2 0
24 13.1863 575.3842 1896.4827 0 0 0.3927 2 0
24 13.1863 573.2479 1919.0245 0 0 0.3927 2 0
18 13.1863 583.0378 1914.9603 0 0 0.3927 2 0
24 13.1863 580.9016 1937.5021 0 0 0.3927 2 0
24 13.1863 590.6915 1933.4379 0 0 0.3927 2 0
17 13.1863 588.5553 1955.9797 0 0 0.3927 2 0
17 13.1863 596.2089 1974.4573 0 0 0.3927 2 0
24 13.1863 605.9988 1970.3930 0 0 0.3927 2 0
18 13.1863 603.8626 1992.9349 0 0 0.3927 2 0
19 13.1863 616.1462 1987.8354 0 0 -0.3927 2 0
24 13.1863 611.5163 2011.4125 0 0 0.3927 2 0
24 13.1863 621.3062 2007.3482 0 0 0.3927 2 0
24 13.1863 619.1700 2029.8900 0 0 0.3927 2 0
19 13.1863 631.4535 2024.7906 0 0 -0.3927 2 0
24 13.1863 636.6135 2044.3034 0 0 0.3927 2 0
24 13.1863 634.4773 2066.8452 0 0 0.3927 2 0
24 13.1863 642.1310 2085.3228 0 0 0.3927 2 0
24 13.1863 651.9209 2081.2586 0 0 0.3927 2 0
17 13.1863 647.4912 2102.2785 0 0 0.0000 2 0
24 13.1863 647.4912 2122.2785 0 0 0.0000 2 0
18 13.1863 658.0912 2122.2701 0 0 0.0000 2 0
24 13.1863 658.0912 2142.2701 0 0 0.0000 2 0
24 5.3863 663.0912 2212.2701 0 0 0.0000 2 0
24 5.9863 652.4912 2252.2785 0 0 0.0000 2 0
20 5.9863 665.7912 2252.2679 0 0 -0.0000 2 0
17 2.9863 650.9547 2269.9947 0 0 -0.3927 2 0
17 -1.8137 644.1039 2290.6953 0 0 -1.1781 2 0
24 -6.6137 624.6065 2280.9023 0 0 -1.9635 2 0
24 -6.6137 620.5578 2290.6987 0 0 -1.9635 2 0
17 -11.4137 613.6958 2269.9872 0 0 -2.7489 2 0
18 -11.4137 603.9059 2274.0515 0 0 -2.7489 2 0
17 -13.8137 599.3886 2257.0221 0 0 -2.3562 2 0
17 -13.2137 581.3764 2249.5268 0 0 -0.7854 2 0
24 -13.2137 588.8777 2257.0161 0 0 -0.7854 2 0
24 -13.2137 576.0978 2272.2788 0 0 -0.0000 2 0
24 -13.2137 586.6978 2292.2703 0 0 -0.0000 2 0
18 -13.2137 576.0978 2312.2788 0 0 -0.0000 2 0
20 -13.2137 589.3978 2312.2682 0 0 0.0000 2 0
17 -13.2137 576.0978 2332.2788 0 0 -0.0000 2 0
20 -13.2137 589.3978 2332.2682 0 0 0.0000 2 0
24 -13.2137 570.1890 2346.5359 0 0 -0.7854 2 0
18 -13.2137 577.6903 2354.0253 0 0 -0.7854 2 0
19 -13.2137 553.3723 2352.2389 0 0 4.3197 2 0
18 -13.2137 535.9299 2362.3862 0 0 -1.1781 2 0
24 -13.2137 517.4523 2370.0399 0 0 -1.1781 2 0
24 -13.2137 498.9747 2377.6935 0 0 -1.1781 2 0
24 -13.2137 503.0390 2387.4834 0 0 -1.1781 2 0
19 -13.2137 479.8321 2393.3140 0 0 3.5343 2 0
24 -13.2137 492.1237 2398.3939 0 0 -0.3927 2 0
24 -13.2137 474.6737 2412.8229 0 0 -0.3927 2 0
17 -13.2137 484.4701 2416.8715 0 0 -0.3927 2 0
24 -13.2137 467.0200 2431.3005 0 0 -0.3927 2 0
24 -13.2137 476.8164 2435.3491 0 0 -0.3927 2 0
18 -13.2137 455.5428 2528.2510 0 0 0.3927 2 0
24 -13.2137 465.3326 2524.1867 0 0 0.3927 2 0
17 -14.2137 463.1964 2546.7286 0 0 0.3927 2 0
24 -15.8137 480.6400 2561.1419 0 0 0.3927 2 0
24 -15.6137 481.3471 2584.4247 0 0 0.7854 2 0
24 -15.6137 488.8365 2576.9234 0 0 0.7854 2 0
24 -15.6137 495.4893 2598.5669 0 0 0.7854 2 0
20 -15.6137 521.8659 2628.7618 0 0 2.3562 2 0
18 -15.6137 531.2629 2619.3498 0 0 0.7854 2 0
24 -15.6137 537.9157 2640.9933 0 0 0.7854 2 0
24 -15.6137 545.4050 2633.4920 0 0 0.7854 2 0
18 -15.6137 552.0578 2655.1354 0 0 0.7854 2 0
24 -15.6137 559.5472 2647.6341 0 0 0.7854 2 0
24 -15.6137 573.6893 2661.7762 0 0 0.7854 2 0
18 -15.6137 580.3421 2683.4197 0 0 0.7854 2 0
19 -15.6137 589.7391 2674.0077 0 0 -0.7854 2 0
17 -15.6137 594.4842 2697.5618 0 0 0.7854 2 0
17 -15.6137 608.6263 2711.7039 0 0 0.7854 2 0
17 -15.6137 616.1157 2704.2026 0 0 0.7854 2 0
17 -15.6137 622.7685 2725.8461 0 0 0.7854 2 0
24 -15.6137 630.2578 2718.3448 0 0 0.7854 2 0
20 -15.6137 635.0029 2741.8989 0 0 2.3562 2 0
24 -15.6137 644.4000 2732.4869 0 0 0.7854 2 0
24 -15.6137 651.0528 2754.1304 0 0 0.7854 2 0
19 -15.6137 660.4498 2744.7183 0 0 -0.7854 2 0
18 -15.6137 662.0927 2770.6528 0 0 0.7854 2 0
18 -15.6137 669.5821 2763.1515 0 0 0.7854 2 0
19 -15.6137 674.3272 2786.7057 0 0 2.3562 2 0
20 -15.6137 685.6319 2775.3829 0 0 -0.7854 2 0
17 -3.9998 730.5648 2839.1249 0 0 0.7854 2 0
17 -3.9998 738.0541 2831.6236 0 0 0.7854 2 0
18 -3.7998 744.7069 2853.2670 0 0 0.7854 2 0
17 -3.7998 752.1963 2845.7657 0 0 0.7854 2 0
17 -3.7998 757.4808 2868.5152 0 0 -0.0000 2 0
19 -3.7998 760.1808 2888.5131 0 0 0.0000 2 0
24 -3.7998 746.8808 2908.5237 0 0 -0.0000 2 0
17 -3.7998 757.4808 2908.5152 0 0 -0.0000 2 0
20 -3.7998 744.1808 2928.5258 0 0 3.1416 2 0
24 -3.7998 757.4808 2928.5152 0 0 -0.0000 2 0
20 -3.7998 760.1808 2948.5131 0 0 0.0000 2 0
17 -3.7998 746.8808 3028.5237 0 0 -0.0000 2 0
24 -3.7998 757.4808 3028.5152 0 0 -0.0000 2 0
24 -3.7998 746.8808 3048.5237 0 0 -0.0000 2 0
24 -3.7998 755.8943 3070.2762 0 0 0.7854 2 0
18 -3.7998 763.3837 3062.7749 0 0 0.7854 2 0
17 -3.7998 770.0365 3084.4183 0 0 0.7854 2 0
20 -3.7998 782.2709 3100.4711 0 0 2.3562 2 0
24 -3.7998 798.3207 3112.7026 0 0 0.7854 2 0
17 -3.7998 805.8101 3105.2013 0 0 0.7854 2 0
18 -3.7998 812.4629 3126.8447 0 0 0.7854 2 0
24 -3.7998 826.6050 3140.9868 0 0 0.7854 2 0
24 -3.7998 840.7472 3155.1290 0 0 0.7854 2 0
20 -3.7998 850.1442 3145.7170 0 0 -0.7854 2 0
17 -3.7998 876.1200 3178.8206 0 0 0.3927 2 0
24 -3.7998 873.9838 3201.3624 0 0 0.3927 2 0
18 -3.7998 883.7737 3197.2982 0 0 0.3927 2 0
19 -3.7998 892.6440 3218.3075 0 0 0.0000 2 0
24 -3.7998 873.4351 3232.5753 0 0 -0.7854 2 0
24 -3.7998 859.2930 3246.7174 0 0 -0.7854 2 0
24 -3.7998 845.1508 3260.8595 0 0 -0.7854 2 0
17 -3.7998 852.6521 3268.3489 0 0 -0.7854 2 0
24 -3.7998 838.5100 3282.4910 0 0 -0.7854 2 0
24 -3.7998 816.8666 3289.1438 0 0 -0.7854 2 0
20 -3.7998 800.8137 3301.3783 0 0 3.9270 2 0
18 -3.7998 810.2257 3310.7753 0 0 -0.7854 2 0
24 -3.7998 796.0836 3324.9174 0 0 -0.7854 2 0
24 -3.7998 774.4402 3331.5702 0 0 -0.7854 2 0
17 -3.7998 781.9415 3339.0596 0 0 -0.7854 2 0
