ambient 0.5
headlight 0.2
directional 0.6
lightdir -1.0 1.0 1.0
background 170 200 255
clfactors 1.0 1.0 1.0
objtypes 43
data/steer.geo data/steer.col data/noref.ref data/nocl.cld
data/speed.geo data/speed.col data/noref.ref data/nocl.cld
data/dmod.geo data/dmod.col data/noref.ref data/nocl.cld
data/roads.geo data/roads.col data/roads.ref data/road.cld
data/roadlw.geo data/road.col data/roadlw.ref data/road.cld
data/roadln.geo data/road.col data/roadln.ref data/road.cld
data/roadrw.geo data/road.col data/roadrw.ref data/road.cld
data/roadrn.geo data/road.col data/roadrn.ref data/road.cld
data/road25.geo data/road.col data/road25.ref data/road.cld
data/road50.geo data/road.col data/road50.ref data/road.cld
data/road75.geo data/road.col data/road75.ref data/road.cld
data/tunnb.geo data/tunnb.col data/tunnb.ref data/tunnb.cld
data/tunn.geo data/tunn.col data/tunn.ref data/tunn.cld
data/bridgec.geo data/bridgec.col data/bridgstr.ref data/bridgec.cld
data/bridges.geo data/bridges.col data/bridges.ref data/bridges.cld
data/start.geo data/start.col data/start.ref data/nocl.cld
data/tree1.geo data/tree1.col data/tree.ref data/tree.cld
data/tree2.geo data/tree2.col data/tree.ref data/tree.cld
data/vila2.geo data/vila2.col data/vila2.ref data/vila2.cld
data/vila4.geo data/vila4.col data/vila4.ref data/vila4.cld
data/trs.geo data/trs.col data/trs.ref data/trs.cld
data/wind.geo data/wind.col data/wind.ref data/wind.cld
data/prop.geo data/prop.col data/noref.ref data/nocl.cld
data/tree3.geo data/tree3.col data/tree.ref data/nocl.cld
data/glider.geo data/glider.col data/noref.ref data/nocl.cld
data/bridgescl.geo data/bridges.col data/bridgec.ref data/bridgescl.cld
data/loop4r.geo data/loopblue.col data/loop4r.ref data/loop4r.cld
data/loop2r.geo data/loopgreen.col data/loop2r.ref data/loop2r.cld
data/loop1r.geo data/loopred.col data/loop1r.ref data/loop1r.cld
data/loop4l.geo data/loopblue.col data/loop4l.ref data/loop4l.cld
data/loop2l.geo data/loopgreen.col data/loop2l.ref data/loop2l.cld
data/loop1l.geo data/loopred.col data/loop1l.ref data/loop1l.cld
data/corkl.geo data/cork.col data/corkl.ref data/corkl.cld
data/corkr.geo data/cork.col data/corkr.ref data/corkr.cld
data/road11.geo data/road.col data/road11.ref data/road.cld
data/road12.geo data/road.col data/road12.ref data/road.cld
data/roadhill.geo data/roadhill.col data/roads.ref data/roadhill.cld
data/roadhl25.geo data/road.col data/roadhl25.ref data/road.cld
data/roadhr25.geo data/road.col data/roadhr25.ref data/road.cld
data/roadhl50.geo data/road.col data/roadhl50.ref data/road.cld
data/roadhr50.geo data/road.col data/roadhr50.ref data/road.cld
data/roadhl75.geo data/road.col data/roadhl75.ref data/road.cld
data/roadhr75.geo data/road.col data/roadhr75.ref data/road.cld
objects 546
16 -1.2000 0.0000 20.0000 0 0 0.0000 2 0
21 -1.2000 0.0000 0.0000 0 0 3.1416 5 0
4 -1.2000 0.0000 0.0000 0 0 -0.0000 1 0
4 -1.2000 0.0000 10.0000 0 0 -0.0000 1 0
4 -1.2000 0.0000 20.0000 0 0 -0.0000 1 0
4 -1.2000 0.0000 30.0000 0 0 -0.0000 1 0
4 -1.2000 0.0000 40.0000 0 0 -0.0000 1 0
4 -1.2000 0.0000 50.0000 0 0 -0.0000 1 0
4 -1.2000 0.0000 60.0000 0 0 -0.0000 1 0
4 -1.2000 0.0000 70.0000 0 0 -0.0000 1 0
4 -1.2000 0.0000 80.0000 0 0 -0.0000 1 0
4 -1.2000 0.0000 90.0000 0 0 -0.0000 1 0
4 -1.2000 0.0000 100.0000 0 0 -0.0000 1 0
4 -1.2000 0.0000 110.0000 0 0 -0.0000 1 0
4 -1.2000 0.0000 120.0000 0 0 -0.0000 1 0
4 -1.2000 0.0000 130.0000 0 0 -0.0000 1 0
4 -1.2000 0.0000 140.0000 0 0 -0.0000 1 0
28 -1.2000 0.0000 150.0000 0 0 -0.0000 1 0
4 -1.2000 5.0000 150.0000 0 0 -0.0000 1 0
4 -1.2000 5.0000 160.0000 0 0 -0.0000 1 0
4 -1.2000 5.0000 170.0000 0 0 -0.0000 1 0
9 -1.2000 5.0000 180.0000 0 0 -0.0000 1 0
9 -0.4000 5.0000 190.0000 0 0 -0.0000 1 0
38 0.4000 5.0000 200.0000 0 0 -0.0000 1 0
38 1.2000 3.0617 209.7448 0 0 0.3927 1 0
38 2.0000 -2.4582 218.0061 0 0 0.7854 1 0
38 2.8000 -10.7194 223.5261 0 0 1.1781 1 0
4 3.6000 -20.4642 225.4645 0 0 1.5708 1 0
4 3.6000 -30.4642 225.4645 0 0 1.5708 1 0
4 3.6000 -40.4642 225.4645 0 0 1.5708 1 0
4 3.6000 -50.4642 225.4645 0 0 1.5708 1 0
4 3.6000 -60.4642 225.4645 0 0 1.5708 1 0
4 3.6000 -70.4642 225.4645 0 0 1.5708 1 0
4 3.6000 -80.4642 225.4645 0 0 1.5708 1 0
4 3.6000 -90.4642 225.4645 0 0 1.5708 1 0
4 3.6000 -100.4642 225.4645 0 0 1.5708 1 0
4 3.6000 -110.4642 225.4645 0 0 1.5708 1 0
4 3.6000 -120.4642 225.4645 0 0 1.5708 1 0
4 3.6000 -130.4642 225.4645 0 0 1.5708 1 0
6 3.6000 -140.4642 225.4645 0 0 1.5708 1 0
6 3.6000 -149.4673 221.7353 0 0 2.3562 1 0
4 3.6000 -153.1965 212.7322 0 0 3.1416 1 0
4 3.6000 -153.1965 202.7322 0 0 3.1416 1 0
4 3.6000 -153.1965 192.7322 0 0 3.1416 1 0
4 3.6000 -153.1965 182.7322 0 0 3.1416 1 0
4 3.6000 -153.1965 172.7322 0 0 3.1416 1 0
6 3.6000 -153.1965 162.7322 0 0 3.1416 1 0
6 3.6000 -149.4673 153.7291 0 0 3.9270 1 0
4 3.6000 -140.4642 149.9999 0 0 4.7124 1 0
4 3.6000 -130.4642 149.9999 0 0 4.7124 1 0
4 3.6000 -120.4642 149.9999 0 0 4.7124 1 0
4 3.6000 -110.4642 149.9999 0 0 4.7124 1 0
4 3.6000 -100.4642 149.9999 0 0 4.7124 1 0
4 3.6000 -90.4642 149.9999 0 0 4.7124 1 0
4 3.6000 -80.4642 149.9999 0 0 4.7124 1 0
4 3.6000 -70.4642 149.9999 0 0 4.7124 1 0
12 3.6000 -60.4642 149.9999 0 0 4.7124 1 0
12 3.6000 -40.4642 149.9999 0 0 7.8540 1 0
15 3.6000 -40.4642 149.9999 0 0 4.7124 1 0
15 3.6000 -30.4642 149.9999 0 0 4.7124 1 0
15 3.6000 -20.4642 149.9999 0 0 4.7124 1 0
15 3.6000 -10.4642 149.9999 0 0 4.7124 1 0
15 3.6000 -0.4642 149.9999 0 0 4.7124 1 0
15 3.6000 9.5358 149.9999 0 0 4.7124 1 0
15 3.6000 19.5358 149.9999 0 0 4.7124 1 0
15 3.6000 29.5358 149.9999 0 0 4.7124 1 0
15 3.6000 39.5358 149.9999 0 0 4.7124 1 0
26 1.2000 59.5358 149.9999 0 0 7.8540 1 0
14 -1.2000 69.5358 149.9999 0 0 7.8540 1 0
4 -1.2000 69.5358 149.9999 0 0 4.7124 1 0
4 -1.2000 79.5358 149.9999 0 0 4.7124 1 0
4 -1.2000 89.5358 149.9999 0 0 4.7124 1 0
4 -1.2000 99.5358 150.0000 0 0 4.7124 1 0
4 -1.2000 109.5358 150.0000 0 0 4.7124 1 0
4 -1.2000 119.5358 150.0000 0 0 4.7124 1 0
4 -1.2000 129.5358 150.0000 0 0 4.7124 1 0
4 -1.2000 139.5358 150.0000 0 0 4.7124 1 0
4 -1.2000 149.5358 150.0000 0 0 4.7124 1 0
4 -1.2000 159.5358 150.0000 0 0 4.7124 1 0
4 -1.2000 169.5358 150.0000 0 0 4.7124 1 0
5 -1.2000 179.5358 150.0000 0 0 4.7124 1 0
5 -1.2000 189.2806 151.9383 0 0 5.1051 1 0
7 -1.2000 197.5419 157.4582 0 0 5.4978 1 0
7 -1.2000 205.8031 162.9782 0 0 5.1051 1 0
4 -1.2000 215.5478 164.9167 0 0 4.7124 1 0
4 -1.2000 225.5478 164.9167 0 0 4.7124 1 0
4 -1.2000 235.5478 164.9167 0 0 4.7124 1 0
29 -1.2000 245.5478 164.9167 0 0 4.7124 1 0
4 -1.2000 245.5478 159.9167 0 0 4.7124 1 0
4 -1.2000 255.5478 159.9167 0 0 4.7124 1 0
4 -1.2000 265.5478 159.9167 0 0 4.7124 1 0
5 -1.2000 275.5478 159.9167 0 0 4.7124 1 0
5 -1.2000 285.2926 161.8550 0 0 5.1051 1 0
5 -1.2000 293.5539 167.3749 0 0 5.4978 1 0
5 -1.2000 299.0739 175.6361 0 0 5.8905 1 0
4 -1.2000 301.0123 185.3809 0 0 6.2832 1 0
4 -1.2000 301.0123 195.3809 0 0 6.2832 1 0
4 -1.2000 301.0123 205.3809 0 0 6.2832 1 0
4 -1.2000 301.0123 215.3809 0 0 6.2832 1 0
4 -1.2000 301.0123 225.3809 0 0 6.2832 1 0
4 -1.2000 301.0123 235.3809 0 0 6.2832 1 0
4 -1.2000 301.0123 245.3809 0 0 6.2832 1 0
4 -1.2000 301.0123 255.3809 0 0 6.2832 1 0
4 -1.2000 301.0123 265.3809 0 0 6.2832 1 0
8 -1.2000 301.0123 275.3809 0 0 6.2832 1 0
8 -1.2000 304.7415 284.3840 0 0 5.4978 1 0
8 -1.2000 313.7446 288.1132 0 0 4.7124 1 0
8 -1.2000 322.7477 284.3840 0 0 3.9270 1 0
12 -1.2000 326.4769 275.3809 0 0 3.1416 1 0
13 -1.2000 326.4769 265.3809 0 0 3.1416 1 0
13 -1.2000 326.4769 255.3809 0 0 3.1416 1 0
13 -1.2000 326.4769 245.3809 0 0 3.1416 1 0
13 -1.2000 326.4769 235.3809 0 0 3.1416 1 0
13 -1.2000 326.4769 225.3809 0 0 3.1416 1 0
13 -1.2000 326.4769 215.3809 0 0 3.1416 1 0
13 -1.2000 326.4769 205.3809 0 0 3.1416 1 0
13 -1.2000 326.4769 195.3809 0 0 3.1416 1 0
13 -1.2000 326.4769 185.3809 0 0 3.1416 1 0
13 -1.2000 326.4769 175.3809 0 0 3.1416 1 0
13 -1.2000 326.4769 165.3809 0 0 3.1416 1 0
12 -1.2000 326.4769 145.3809 0 0 6.2832 1 0
4 -1.2000 326.4769 145.3809 0 0 3.1416 1 0
7 -1.2000 326.4769 135.3809 0 0 3.1416 1 0
7 -1.2000 324.5386 125.6361 0 0 2.7489 1 0
7 -1.2000 319.0187 117.3748 0 0 2.3562 1 0
7 -1.2000 310.7575 111.8548 0 0 1.9635 1 0
4 -1.2000 301.0127 109.9164 0 0 1.5708 1 0
4 -1.2000 291.0127 109.9164 0 0 1.5708 1 0
4 -1.2000 281.0127 109.9164 0 0 1.5708 1 0
4 -1.2000 271.0127 109.9164 0 0 1.5708 1 0
4 -1.2000 261.0127 109.9164 0 0 1.5708 1 0
28 -1.2000 251.0127 109.9164 0 0 1.5708 1 0
4 -1.2000 251.0127 114.9164 0 0 1.5708 1 0
4 -1.2000 241.0127 114.9164 0 0 1.5708 1 0
4 -1.2000 231.0127 114.9164 0 0 1.5708 1 0
4 -1.2000 221.0127 114.9164 0 0 1.5708 1 0
31 -1.2000 211.0127 114.9164 0 0 1.5708 1 0
4 -1.2000 211.0127 109.9164 0 0 1.5708 1 0
4 -1.2000 201.0127 109.9164 0 0 1.5708 1 0
4 -1.2000 191.0127 109.9164 0 0 1.5708 1 0
4 -1.2000 181.0127 109.9164 0 0 1.5708 1 0
4 -1.2000 171.0127 109.9164 0 0 1.5708 1 0
5 -1.2000 161.0127 109.9164 0 0 1.5708 1 0
7 -1.2000 151.2679 107.9781 0 0 1.9635 1 0
4 -1.2000 141.5232 106.0397 0 0 1.5708 1 0
4 -1.2000 131.5232 106.0397 0 0 1.5708 1 0
4 -1.2000 121.5232 106.0397 0 0 1.5708 1 0
4 -1.2000 111.5232 106.0397 0 0 1.5708 1 0
6 -1.2000 101.5232 106.0396 0 0 1.5708 1 0
6 -1.2000 92.5201 102.3104 0 0 2.3562 1 0
4 -1.2000 88.7908 93.3074 0 0 3.1416 1 0
4 -1.2000 88.7908 83.3074 0 0 3.1416 1 0
4 -1.2000 88.7909 73.3074 0 0 3.1416 1 0
4 -1.2000 88.7909 63.3074 0 0 3.1416 1 0
6 -1.2000 88.7909 53.3074 0 0 3.1416 1 0
8 -1.2000 92.5201 44.3043 0 0 3.9270 1 0
4 -1.2000 96.2493 35.3012 0 0 3.1416 1 0
4 -1.2000 96.2493 25.3012 0 0 3.1416 1 0
4 -1.2000 96.2493 15.3012 0 0 3.1416 1 0
5 -1.2000 96.2493 5.3012 0 0 3.1416 1 0
5 -1.2000 98.1876 -4.4436 0 0 3.5343 1 0
5 -1.2000 103.7075 -12.7049 0 0 3.9270 1 0
4 -1.2000 111.9687 -18.2249 0 0 4.3197 1 0
4 -1.2000 121.2075 -22.0518 0 0 4.3197 1 0
4 -1.2000 130.4463 -25.8786 0 0 4.3197 1 0
4 -1.2000 139.6851 -29.7054 0 0 4.3197 1 0
7 -1.2000 148.9239 -33.5323 0 0 4.3197 1 0
7 -1.2000 157.1852 -39.0522 0 0 3.9270 1 0
7 -1.2000 162.7052 -47.3134 0 0 3.5343 1 0
7 -1.2000 164.6436 -57.0582 0 0 3.1416 1 0
4 -1.2000 162.7053 -66.8030 0 0 2.7489 1 0
4 -1.2000 158.8785 -76.0418 0 0 2.7489 1 0
4 -1.2000 155.0516 -85.2806 0 0 2.7489 1 0
4 -1.2000 151.2248 -94.5194 0 0 2.7489 1 0
4 -1.2000 147.3980 -103.7581 0 0 2.7489 1 0
9 -1.2000 143.5711 -112.9969 0 0 2.7489 1 0
9 -0.4000 139.7443 -122.2357 0 0 2.7489 1 0
9 0.4000 135.9175 -131.4745 0 0 2.7489 1 0
4 1.2000 132.0906 -140.7133 0 0 2.7489 1 0
4 1.2000 128.2638 -149.9521 0 0 2.7489 1 0
4 1.2000 124.4370 -159.1909 0 0 2.7489 1 0
4 1.2000 120.6101 -168.4297 0 0 2.7489 1 0
7 1.2000 116.7833 -177.6685 0 0 2.7489 1 0
4 1.2000 111.2634 -185.9298 0 0 2.3562 1 0
9 0.4000 97.1212 -200.0719 0 0 5.4978 1 0
9 -0.4000 90.0502 -207.1430 0 0 5.4978 1 0
9 -1.2000 82.9791 -214.2141 0 0 5.4978 1 0
9 -2.0000 75.9080 -221.2851 0 0 5.4978 1 0
9 -2.8000 68.8370 -228.3562 0 0 5.4978 1 0
4 -2.8000 68.8370 -228.3562 0 0 2.3562 1 0
4 -2.8000 61.7659 -235.4273 0 0 2.3562 1 0
11 -2.8000 54.6948 -242.4983 0 0 2.3562 1 0
11 -0.4000 47.6238 -249.5694 0 0 2.3562 1 0
11 2.0000 40.5527 -256.6405 0 0 2.3562 1 0
11 4.4000 33.4816 -263.7115 0 0 2.3562 1 0
11 4.4000 19.3395 -277.8537 0 0 5.4978 1 0
11 2.0000 12.2684 -284.9247 0 0 5.4978 1 0
11 -0.4000 5.1974 -291.9958 0 0 5.4978 1 0
11 -2.8000 -1.8737 -299.0669 0 0 5.4978 1 0
11 -2.8000 -1.8737 -299.0669 0 0 2.3562 1 0
11 -0.4000 -8.9448 -306.1379 0 0 2.3562 1 0
11 2.0000 -16.0158 -313.2090 0 0 2.3562 1 0
11 4.4000 -23.0869 -320.2801 0 0 2.3562 1 0
11 4.4000 -37.2290 -334.4222 0 0 5.4978 1 0
11 2.0000 -44.3001 -341.4933 0 0 5.4978 1 0
11 -0.4000 -51.3712 -348.5644 0 0 5.4978 1 0
11 -2.8000 -58.4422 -355.6354 0 0 5.4978 1 0
4 -2.8000 -58.4422 -355.6354 0 0 2.3562 1 0
4 -2.8000 -65.5133 -362.7065 0 0 2.3562 1 0
4 -2.8000 -72.5844 -369.7776 0 0 2.3562 1 0
4 -2.8000 -79.6554 -376.8486 0 0 2.3562 1 0
4 -2.8000 -86.7265 -383.9197 0 0 2.3562 1 0
4 -2.8000 -93.7976 -390.9908 0 0 2.3562 1 0
37 -2.8000 -107.9397 -405.1329 0 0 5.4978 1 0
38 -3.6000 -116.2009 -410.6529 0 0 5.1051 1 0
40 -5.2000 -125.9457 -412.5914 0 0 4.7124 1 0
42 -7.6000 -135.6905 -410.6531 0 0 4.3197 1 0
42 -10.0000 -143.9517 -405.1331 0 0 3.9270 1 0
42 -12.4000 -149.4718 -396.8719 0 0 3.5343 1 0
42 -14.8000 -151.4102 -387.1272 0 0 3.1416 1 0
42 -17.2000 -149.4719 -377.3824 0 0 2.7489 1 0
42 -19.6000 -143.9520 -369.1211 0 0 2.3562 1 0
43 -22.0000 -138.4319 -360.8599 0 0 2.7489 1 0
43 -24.4000 -136.4935 -351.1151 0 0 3.1416 1 0
43 -26.8000 -138.4318 -341.3703 0 0 3.5343 1 0
43 -29.2000 -143.9517 -333.1090 0 0 3.9270 1 0
43 -31.6000 -152.2129 -327.5890 0 0 4.3197 1 0
43 -34.0000 -161.9577 -325.6506 0 0 4.7124 1 0
43 -36.4000 -171.7025 -327.5889 0 0 5.1051 1 0
43 -38.8000 -179.9638 -333.1088 0 0 5.4978 1 0
42 -41.2000 -188.2250 -338.6289 0 0 5.1051 1 0
42 -43.6000 -197.9698 -340.5673 0 0 4.7124 1 0
42 -46.0000 -207.7146 -338.6290 0 0 4.3197 1 0
42 -48.4000 -215.9758 -333.1091 0 0 3.9270 1 0
42 -50.8000 -221.4959 -324.8479 0 0 3.5343 1 0
42 -53.2000 -223.4343 -315.1031 0 0 3.1416 1 0
42 -55.6000 -221.4960 -305.3583 0 0 2.7489 1 0
42 -58.0000 -215.9760 -297.0970 0 0 2.3562 1 0
43 -60.4000 -210.4560 -288.8358 0 0 2.7489 1 0
43 -62.8000 -208.5176 -279.0910 0 0 3.1416 1 0
43 -65.2000 -210.4559 -269.3462 0 0 3.5343 1 0
43 -67.6000 -215.9758 -261.0850 0 0 3.9270 1 0
43 -70.0000 -224.2370 -255.5649 0 0 4.3197 1 0
43 -72.4000 -233.9818 -253.6265 0 0 4.7124 1 0
41 -74.0000 -243.7266 -255.5648 0 0 5.1051 1 0
39 -74.8000 -251.9879 -261.0848 0 0 5.4978 1 0
8 -74.8000 -251.9879 -261.0848 0 0 2.3562 1 0
8 -74.8000 -260.9910 -264.8140 0 0 1.5708 1 0
4 -74.8000 -269.9941 -261.0848 0 0 0.7854 1 0
4 -74.8000 -277.0651 -254.0137 0 0 0.7854 1 0
4 -74.8000 -284.1362 -246.9426 0 0 0.7854 1 0
4 -74.8000 -291.2073 -239.8716 0 0 0.7854 1 0
4 -74.8000 -298.2783 -232.8005 0 0 0.7854 1 0
9 -74.8000 -305.3494 -225.7294 0 0 0.7854 1 0
9 -74.0000 -312.4205 -218.6584 0 0 0.7854 1 0
9 -73.2000 -319.4915 -211.5873 0 0 0.7854 1 0
11 -74.8000 -333.6337 -197.4452 0 0 3.9270 1 0
11 -77.2000 -340.7047 -190.3741 0 0 3.9270 1 0
11 -79.6000 -347.7758 -183.3030 0 0 3.9270 1 0
11 -82.0000 -354.8469 -176.2320 0 0 3.9270 1 0
11 -84.4000 -361.9179 -169.1609 0 0 3.9270 1 0
11 -86.8000 -368.9890 -162.0898 0 0 3.9270 1 0
11 -89.2000 -376.0601 -155.0188 0 0 3.9270 1 0
11 -91.6000 -383.1311 -147.9477 0 0 3.9270 1 0
11 -94.0000 -390.2022 -140.8766 0 0 3.9270 1 0
11 -96.4000 -397.2733 -133.8055 0 0 3.9270 1 0
4 -96.4000 -397.2733 -133.8055 0 0 0.7854 1 0
4 -96.4000 -404.3444 -126.7345 0 0 0.7854 1 0
4 -96.4000 -411.4154 -119.6634 0 0 0.7854 1 0
4 -96.4000 -418.4865 -112.5923 0 0 0.7854 1 0
4 -96.4000 -425.5576 -105.5213 0 0 0.7854 1 0
9 -97.2000 -439.6997 -91.3791 0 0 3.9270 1 0
9 -98.0000 -446.7708 -84.3081 0 0 3.9270 1 0
9 -98.8000 -453.8418 -77.2370 0 0 3.9270 1 0
9 -99.6000 -460.9129 -70.1659 0 0 3.9270 1 0
9 -100.4000 -467.9840 -63.0949 0 0 3.9270 1 0
9 -101.2000 -475.0550 -56.0238 0 0 3.9270 1 0
9 -102.0000 -482.1261 -48.9527 0 0 3.9270 1 0
9 -102.8000 -489.1972 -41.8817 0 0 3.9270 1 0
9 -103.6000 -496.2682 -34.8106 0 0 3.9270 1 0
9 -104.4000 -503.3393 -27.7395 0 0 3.9270 1 0
7 -104.4000 -503.3393 -27.7395 0 0 0.7854 1 0
8 -104.4000 -508.8593 -19.4783 0 0 0.3927 1 0
6 -104.4000 -508.8593 -9.7335 0 0 -0.3927 1 0
5 -104.4000 -508.8593 0.0114 0 0 0.3927 1 0
4 -104.4000 -514.3793 8.2727 0 0 0.7854 1 0
4 -104.4000 -521.4503 15.3438 0 0 0.7854 1 0
4 -104.4000 -528.5214 22.4148 0 0 0.7854 1 0
4 -104.4000 -535.5925 29.4859 0 0 0.7854 1 0
4 -104.4000 -542.6635 36.5570 0 0 0.7854 1 0
4 -104.4000 -549.7346 43.6280 0 0 0.7854 1 0
4 -104.4000 -556.8057 50.6991 0 0 0.7854 1 0
4 -104.4000 -563.8767 57.7702 0 0 0.7854 1 0
4 -104.4000 -570.9478 64.8412 0 0 0.7854 1 0
4 -104.4000 -578.0189 71.9123 0 0 0.7854 1 0
4 -104.4000 -585.0899 78.9834 0 0 0.7854 1 0
4 -104.4000 -592.1610 86.0544 0 0 0.7854 1 0
4 -104.4000 -599.2321 93.1255 0 0 0.7854 1 0
4 -104.4000 -606.3031 100.1966 0 0 0.7854 1 0
4 -104.4000 -613.3742 107.2676 0 0 0.7854 1 0
4 -104.4000 -620.4453 114.3387 0 0 0.7854 1 0
4 -104.4000 -627.5164 121.4098 0 0 0.7854 1 0
4 -104.4000 -634.5874 128.4808 0 0 0.7854 1 0
4 -104.4000 -641.6585 135.5519 0 0 0.7854 1 0
4 -104.4000 -648.7296 142.6230 0 0 0.7854 1 0
7 -104.4000 -655.8006 149.6940 0 0 0.7854 1 0
7 -104.4000 -661.3207 157.9552 0 0 0.3927 1 0
4 -104.4000 -663.2591 167.7000 0 0 -0.0000 1 0
4 -104.4000 -663.2591 177.7000 0 0 -0.0000 1 0
4 -104.4000 -663.2591 187.7000 0 0 -0.0000 1 0
4 -104.4000 -663.2591 197.7000 0 0 -0.0000 1 0
5 -104.4000 -663.2591 207.7000 0 0 -0.0000 1 0
5 -104.4000 -665.1974 217.4448 0 0 0.3927 1 0
4 -104.4000 -670.7173 225.7061 0 0 0.7854 1 0
4 -104.4000 -677.7884 232.7772 0 0 0.7854 1 0
4 -104.4000 -684.8594 239.8482 0 0 0.7854 1 0
4 -104.4000 -691.9305 246.9193 0 0 0.7854 1 0
4 -104.4000 -699.0016 253.9904 0 0 0.7854 1 0
4 -104.4000 -706.0726 261.0614 0 0 0.7854 1 0
4 -104.4000 -713.1437 268.1325 0 0 0.7854 1 0
4 -104.4000 -720.2148 275.2036 0 0 0.7854 1 0
4 -104.4000 -727.2858 282.2746 0 0 0.7854 1 0
4 -104.4000 -734.3569 289.3457 0 0 0.7854 1 0
9 -104.4000 -741.4280 296.4168 0 0 0.7854 1 0
10 -103.6000 -748.4991 303.4878 0 0 0.7854 1 0
11 -102.0000 -755.5701 310.5589 0 0 0.7854 1 0
10 -99.6000 -762.6412 317.6300 0 0 0.7854 1 0
9 -98.0000 -769.7123 324.7010 0 0 0.7854 1 0
4 -97.2000 -776.7833 331.7721 0 0 0.7854 1 0
4 -97.2000 -783.8544 338.8432 0 0 0.7854 1 0
4 -97.2000 -790.9255 345.9142 0 0 0.7854 1 0
4 -97.2000 -797.9965 352.9853 0 0 0.7854 1 0
4 -97.2000 -805.0676 360.0564 0 0 0.7854 1 0
4 -97.2000 -812.1387 367.1274 0 0 0.7854 1 0
4 -97.2000 -819.2097 374.1985 0 0 0.7854 1 0
21 -97.2000 -826.2808 381.2696 0 0 0.7854 5 0
16 -97.2000 -812.1387 367.1274 0 0 0.7854 2 0
20 -1.2000 -8.0000 60.0064 0 0 3.1416 2 0
19 -1.2000 -8.0000 80.0064 0 0 3.1416 2 0
19 -1.2000 -8.0000 100.0064 0 0 3.1416 2 0
19 -1.2000 8.0000 99.9936 0 0 -0.0000 2 0
18 -1.2000 -5.3000 120.0042 0 0 0.0000 2 0
24 -1.2000 5.3000 119.9958 0 0 0.0000 2 0
17 -0.6000 -0.3000 190.0042 0 0 0.0000 2 0
24 -0.6000 10.3000 189.9958 0 0 0.0000 2 0
17 0.6000 -1.8365 207.7205 0 0 -0.3927 2 0
17 0.6000 7.9599 211.7691 0 0 -0.3927 2 0
17 2.2000 -12.7515 218.6311 0 0 -1.1781 2 0
24 2.2000 -8.6873 228.4210 0 0 -1.1781 2 0
18 3.0000 -30.4684 220.1645 0 0 -1.5708 2 0
24 3.0000 -30.4600 230.7645 0 0 -1.5708 2 0
20 3.6000 -50.4706 217.4645 0 0 4.7124 2 0
18 3.6000 -50.4600 230.7645 0 0 -1.5708 2 0
17 3.6000 -70.4600 230.7645 0 0 -1.5708 2 0
17 3.6000 -90.4684 220.1645 0 0 -1.5708 2 0
24 3.6000 -90.4600 230.7645 0 0 -1.5708 2 0
20 3.6000 -110.4706 217.4645 0 0 4.7124 2 0
24 3.6000 -110.4600 230.7645 0 0 -1.5708 2 0
17 3.6000 -130.4684 220.1645 0 0 -1.5708 2 0
24 3.6000 -130.4600 230.7645 0 0 -1.5708 2 0
17 3.6000 -145.7226 217.9847 0 0 -2.3562 2 0
24 3.6000 -147.8965 202.7280 0 0 -3.1416 2 0
24 3.6000 -147.8965 182.7280 0 0 -3.1416 2 0
17 3.6000 -158.4965 182.7364 0 0 -3.1416 2 0
17 3.6000 -147.8965 162.7280 0 0 -3.1416 2 0
17 3.6000 -158.4965 162.7364 0 0 -3.1416 2 0
19 3.6000 -140.4578 157.9999 0 0 7.8540 2 0
17 3.6000 -140.4684 144.6999 0 0 -4.7124 2 0
18 3.6000 -120.4684 144.6999 0 0 -4.7124 2 0
24 3.6000 -100.4600 155.2999 0 0 -4.7124 2 0
20 3.6000 -100.4706 141.9999 0 0 4.7124 2 0
24 3.6000 -80.4600 155.2999 0 0 -4.7124 2 0
20 -1.2000 99.5422 157.9999 0 0 7.8540 2 0
18 -1.2000 99.5316 144.7000 0 0 -4.7124 2 0
19 -1.2000 119.5422 158.0000 0 0 7.8540 2 0
24 -1.2000 119.5316 144.7000 0 0 -4.7124 2 0
24 -1.2000 159.5316 144.7000 0 0 -4.7124 2 0
19 -1.2000 179.5422 158.0000 0 0 7.8540 2 0
20 -1.2000 179.5294 142.0000 0 0 4.7124 2 0
17 -1.2000 193.7972 161.2088 0 0 -5.4978 2 0
20 -1.2000 203.1942 151.7968 0 0 5.4978 2 0
17 -1.2000 215.5520 170.2167 0 0 -4.7124 2 0
19 -1.2000 282.2370 169.2484 0 0 8.2467 2 0
20 -1.2000 288.3482 154.4615 0 0 5.1051 2 0
24 -1.2000 303.9689 173.6040 0 0 -5.8905 2 0
20 -1.2000 293.0123 195.3872 0 0 9.4248 2 0
24 -1.2000 306.3123 195.3767 0 0 -6.2832 2 0
18 -1.2000 295.7123 215.3851 0 0 -6.2832 2 0
18 -1.2000 295.7123 235.3851 0 0 -6.2832 2 0
24 -1.2000 306.3123 235.3767 0 0 -6.2832 2 0
17 -1.2000 306.3123 255.3767 0 0 -6.2832 2 0
24 -1.2000 295.7123 275.3851 0 0 -6.2832 2 0
19 -1.2000 309.0123 275.3745 0 0 6.2832 2 0
20 -1.2000 313.7510 296.1132 0 0 7.8540 2 0
18 -1.2000 313.7404 282.8132 0 0 -4.7124 2 0
17 -1.2000 315.2740 121.1255 0 0 -2.3562 2 0
24 -1.2000 301.0085 104.6164 0 0 -1.5708 2 0
17 -1.2000 301.0170 115.2164 0 0 -1.5708 2 0
18 -1.2000 281.0085 104.6164 0 0 -1.5708 2 0
19 -1.2000 181.0064 101.9164 0 0 4.7124 2 0
20 -1.2000 161.0064 101.9164 0 0 4.7124 2 0
20 -1.2000 161.0191 117.9164 0 0 1.5708 2 0
19 -1.2000 141.5168 98.0397 0 0 4.7124 2 0
20 -1.2000 141.5295 114.0397 0 0 1.5708 2 0
17 -1.2000 121.5274 111.3396 0 0 -1.5708 2 0
17 -1.2000 101.5189 100.7397 0 0 -1.5708 2 0
19 -1.2000 101.5295 114.0396 0 0 1.5708 2 0
24 -1.2000 94.0908 93.3031 0 0 -3.1416 2 0
17 -1.2000 83.4908 93.3116 0 0 -3.1416 2 0
20 -1.2000 96.7908 73.3010 0 0 6.2832 2 0
17 -1.2000 83.4909 73.3116 0 0 -3.1416 2 0
18 -1.2000 94.0909 53.3031 0 0 -3.1416 2 0
24 -1.2000 101.5493 35.2969 0 0 -3.1416 2 0
19 -1.2000 88.2493 35.3075 0 0 3.1416 2 0
19 -1.2000 104.2493 15.2948 0 0 6.2832 2 0
18 -1.2000 90.9493 15.3054 0 0 -3.1416 2 0
19 -1.2000 105.5810 -1.3881 0 0 6.6759 2 0
24 -1.2000 114.0008 -13.3300 0 0 -4.3197 2 0
20 -1.2000 108.9014 -25.6135 0 0 4.3197 2 0
17 -1.2000 132.4784 -20.9837 0 0 -4.3197 2 0
19 -1.2000 151.9912 -26.1437 0 0 7.4613 2 0
19 -1.2000 155.3117 -50.3690 0 0 3.5343 2 0
17 -1.2000 167.6003 -68.8351 0 0 -2.7489 2 0
17 -1.2000 157.8104 -64.7708 0 0 -2.7489 2 0
20 -1.2000 147.6630 -82.2132 0 0 2.7489 2 0
19 -1.2000 154.7866 -106.8255 0 0 5.8905 2 0
18 -1.2000 142.5030 -101.7260 0 0 -2.7489 2 0
17 -0.6000 144.6393 -124.2679 0 0 -2.7489 2 0
17 -0.6000 134.8494 -120.2036 0 0 -2.7489 2 0
18 1.0000 136.9856 -142.7455 0 0 -2.7489 2 0
18 1.2000 129.3319 -161.2230 0 0 -2.7489 2 0
24 1.2000 119.5420 -157.1588 0 0 -2.7489 2 0
24 1.2000 121.6783 -179.7006 0 0 -2.7489 2 0
17 1.0000 107.9370 -196.7515 0 0 -2.3562 2 0
18 1.0000 100.4476 -189.2502 0 0 -2.3562 2 0
18 -0.6000 93.7949 -210.8936 0 0 -2.3562 2 0
18 -0.6000 86.3055 -203.3923 0 0 -2.3562 2 0
24 -2.2000 72.1634 -217.5345 0 0 -2.3562 2 0
17 -3.0000 65.5106 -239.1779 0 0 -2.3562 2 0
17 -3.0000 58.0212 -231.6766 0 0 -2.3562 2 0
17 -1.0000 51.3685 -253.3200 0 0 -2.3562 2 0
17 -1.0000 43.8791 -245.8188 0 0 -2.3562 2 0
17 3.8000 37.2263 -267.4622 0 0 -2.3562 2 0
17 3.8000 29.7370 -259.9609 0 0 -2.3562 2 0
18 3.8000 15.5948 -274.1030 0 0 -2.3562 2 0
24 -1.0000 1.4527 -288.2452 0 0 -2.3562 2 0
24 -1.0000 -5.2001 -309.8886 0 0 -2.3562 2 0
18 -1.0000 -12.6894 -302.3873 0 0 -2.3562 2 0
24 3.8000 -19.3422 -324.0307 0 0 -2.3562 2 0
24 3.8000 -26.8316 -316.5294 0 0 -2.3562 2 0
17 -1.0000 -55.1158 -344.8137 0 0 -2.3562 2 0
18 -2.8000 -75.9107 -380.5993 0 0 -2.3562 2 0
18 -2.8000 -83.4001 -373.0980 0 0 -2.3562 2 0
19 -2.8000 -88.1452 -396.6521 0 0 5.4978 2 0
24 -2.8000 -97.5422 -387.2401 0 0 -2.3562 2 0
18 -3.4000 -111.6844 -401.3823 0 0 -2.3562 2 0
18 -5.8000 -125.9499 -417.8914 0 0 -1.5708 2 0
17 -5.8000 -125.9415 -407.2914 0 0 -1.5708 2 0
24 -10.6000 -147.7024 -408.8778 0 0 -0.7854 2 0
17 -10.6000 -140.2011 -401.3884 0 0 -0.7854 2 0
18 -15.4000 -156.7102 -387.1229 0 0 0.0000 2 0
17 -15.4000 -146.1102 -387.1314 0 0 0.0000 2 0
17 -20.2000 -147.6966 -365.3704 0 0 0.7854 2 0
24 -20.2000 -140.2073 -372.8717 0 0 0.7854 2 0
18 -25.0000 -141.7935 -351.1109 0 0 0.0000 2 0
17 -29.8000 -147.7024 -336.8537 0 0 -0.7854 2 0
24 -34.6000 -161.9619 -330.9506 0 0 -1.5708 2 0
17 -34.6000 -161.9535 -320.3506 0 0 -1.5708 2 0
24 -39.4000 -176.2191 -336.8595 0 0 -2.3562 2 0
17 -44.2000 -197.9740 -345.8673 0 0 -1.5708 2 0
17 -44.2000 -197.9655 -335.2673 0 0 -1.5708 2 0
18 -49.0000 -219.7265 -336.8537 0 0 -0.7854 2 0
17 -49.0000 -212.2252 -329.3644 0 0 -0.7854 2 0
24 -53.8000 -228.7343 -315.0989 0 0 0.0000 2 0
17 -53.8000 -218.1343 -315.1073 0 0 0.0000 2 0
17 -58.6000 -219.7207 -293.3464 0 0 0.7854 2 0
18 -58.6000 -212.2314 -300.8477 0 0 0.7854 2 0
24 -63.4000 -213.8176 -279.0868 0 0 0.0000 2 0
17 -63.4000 -203.2176 -279.0953 0 0 0.0000 2 0
18 -68.2000 -219.7265 -264.8296 0 0 -0.7854 2 0
24 -68.2000 -212.2252 -257.3403 0 0 -0.7854 2 0
18 -73.0000 -233.9860 -258.9265 0 0 -1.5708 2 0
18 -75.4000 -248.2432 -264.8354 0 0 -2.3562 2 0
24 -75.4000 -255.7325 -257.3341 0 0 -2.3562 2 0
17 -74.8000 -273.7447 -264.8294 0 0 -0.7854 2 0
19 -74.8000 -264.3327 -255.4324 0 0 0.7854 2 0
24 -74.8000 -287.8868 -250.6873 0 0 -0.7854 2 0
18 -74.8000 -280.3855 -243.1979 0 0 -0.7854 2 0
19 -74.8000 -292.6170 -227.1481 0 0 0.7854 2 0
24 -74.2000 -308.6698 -214.9137 0 0 -0.7854 2 0
18 -73.0000 -330.3133 -208.2609 0 0 -0.7854 2 0
24 -77.8000 -344.4554 -194.1188 0 0 -0.7854 2 0
24 -77.8000 -336.9541 -186.6294 0 0 -0.7854 2 0
18 -82.6000 -358.5975 -179.9766 0 0 -0.7854 2 0
18 -87.4000 -372.7397 -165.8345 0 0 -0.7854 2 0
17 -87.4000 -365.2384 -158.3451 0 0 -0.7854 2 0
18 -92.2000 -379.3805 -144.2030 0 0 -0.7854 2 0
18 -97.0000 -393.5226 -130.0609 0 0 -0.7854 2 0
24 -96.4000 -429.3082 -109.2660 0 0 -0.7854 2 0
19 -96.4000 -419.8962 -99.8689 0 0 0.7854 2 0
17 -97.4000 -443.4503 -95.1238 0 0 -0.7854 2 0
17 -99.0000 -450.0912 -73.4923 0 0 -0.7854 2 0
24 -100.6000 -471.7346 -66.8396 0 0 -0.7854 2 0
18 -100.6000 -464.2333 -59.3502 0 0 -0.7854 2 0
18 -102.2000 -478.3755 -45.2081 0 0 -0.7854 2 0
17 -103.8000 -500.0189 -38.5553 0 0 -0.7854 2 0
17 -103.8000 -492.5176 -31.0659 0 0 -0.7854 2 0
18 -104.6000 -513.7575 -21.5027 0 0 -0.3927 2 0
24 -104.6000 -503.9612 -17.4540 0 0 -0.3927 2 0
18 -104.4000 -513.7575 -2.0129 0 0 -0.3927 2 0
19 -104.4000 -501.4659 3.0670 0 0 0.3927 2 0
18 -104.4000 -517.6997 19.0884 0 0 -0.7854 2 0
17 -104.4000 -539.3431 25.7412 0 0 -0.7854 2 0
19 -104.4000 -529.9311 35.1382 0 0 0.7854 2 0
17 -104.4000 -553.4853 39.8834 0 0 -0.7854 2 0
20 -104.4000 -544.0732 49.2804 0 0 0.7854 2 0
18 -104.4000 -567.6274 54.0255 0 0 -0.7854 2 0
17 -104.4000 -560.1261 61.5148 0 0 -0.7854 2 0
19 -104.4000 -583.6802 66.2600 0 0 3.9270 2 0
17 -104.4000 -595.9117 82.3098 0 0 -0.7854 2 0
18 -104.4000 -610.0538 96.4519 0 0 -0.7854 2 0
24 -104.4000 -624.1959 110.5940 0 0 -0.7854 2 0
24 -104.4000 -616.6946 118.0834 0 0 -0.7854 2 0
19 -104.4000 -640.2488 122.8285 0 0 3.9270 2 0
18 -104.4000 -630.8368 132.2255 0 0 -0.7854 2 0
18 -104.4000 -652.4802 138.8783 0 0 -0.7854 2 0
17 -104.4000 -644.9789 146.3677 0 0 -0.7854 2 0
18 -104.4000 -666.2188 155.9309 0 0 -0.3927 2 0
24 -104.4000 -656.4225 159.9796 0 0 -0.3927 2 0
17 -104.4000 -670.0955 215.4205 0 0 -0.3927 2 0
24 -104.4000 -660.2992 219.4691 0 0 -0.3927 2 0
20 -104.4000 -683.4497 227.1248 0 0 3.9270 2 0
18 -104.4000 -688.1799 250.6640 0 0 -0.7854 2 0
18 -104.4000 -709.8233 257.3167 0 0 -0.7854 2 0
24 -104.4000 -702.3220 264.8061 0 0 -0.7854 2 0
24 -104.4000 -723.9654 271.4589 0 0 -0.7854 2 0
17 -104.4000 -716.4641 278.9482 0 0 -0.7854 2 0
18 -104.0000 -752.2497 299.7431 0 0 -0.7854 2 0
17 -104.0000 -744.7484 307.2325 0 0 -0.7854 2 0
24 -100.2000 -766.3918 313.8853 0 0 -0.7854 2 0
18 -100.2000 -758.8905 321.3746 0 0 -0.7854 2 0
17 -97.6000 -780.5340 328.0274 0 0 -0.7854 2 0
24 -97.6000 -773.0327 335.5168 0 0 -0.7854 2 0
18 -97.2000 -787.1748 349.6589 0 0 -0.7854 2 0
17 -97.2000 -808.8182 356.3117 0 0 -0.7854 2 0
19 -97.2000 -799.4062 365.7087 0 0 0.7854 2 0
