ambient 0.5
headlight 0.2
directional 0.6
lightdir -1.0 1.0 1.0
background 170 200 255
clfactors 1.0 1.0 1.0
objtypes 44
data/steer.geo data/steer.col data/noref.ref data/nocl.cld
data/speed.geo data/speed.col data/noref.ref data/nocl.cld
data/dmod.geo data/dmod.col data/noref.ref data/nocl.cld
data/roads.geo data/roads.col data/roads.ref data/road.cld
data/roadlw.geo data/road.col data/roadlw.ref data/road.cld
data/roadln.geo data/road.col data/roadln.ref data/road.cld
data/roadrw.geo data/road.col data/roadrw.ref data/road.cld
data/roadrn.geo data/road.col data/roadrn.ref data/road.cld
data/road25.geo data/road.col data/road25.ref data/road.cld
data/road50.geo data/road.col data/road50.ref data/road.cld
data/road75.geo data/road.col data/road75.ref data/road.cld
data/tunnb.geo data/tunnb.col data/tunnb.ref data/tunnb.cld
data/tunn.geo data/tunn.col data/tunn.ref data/tunn.cld
data/bridgec.geo data/bridgec.col data/bridgstr.ref data/bridgec.cld
data/bridges.geo data/bridges.col data/bridges.ref data/bridges.cld
data/start.geo data/start.col data/start.ref data/nocl.cld
data/tree1.geo data/tree1.col data/tree.ref data/tree.cld
data/tree2.geo data/tree2.col data/tree.ref data/tree.cld
data/house1.geo data/house1.col data/house1.ref data/house1.cld
data/house2.geo data/house2.col data/house2.ref data/house2.cld
data/trs.geo data/trs.col data/trs.ref data/trs.cld
data/wind.geo data/wind.col data/wind.ref data/wind.cld
data/prop.geo data/prop.col data/noref.ref data/nocl.cld
data/tree3.geo data/tree3.col data/tree.ref data/nocl.cld
data/glider.geo data/glider.col data/noref.ref data/nocl.cld
data/bridgescl.geo data/bridges.col data/bridgec.ref data/bridgescl.cld
data/loop4r.geo data/loopblue.col data/loop4r.ref data/loop4r.cld
data/loop2r.geo data/loopgreen.col data/loop2r.ref data/loop2r.cld
data/loop1r.geo data/loopred.col data/loop1r.ref data/loop1r.cld
data/loop4l.geo data/loopblue.col data/loop4l.ref data/loop4l.cld
data/loop2l.geo data/loopgreen.col data/loop2l.ref data/loop2l.cld
data/loop1l.geo data/loopred.col data/loop1l.ref data/loop1l.cld
data/corkl.geo data/cork.col data/corkl.ref data/corkl.cld
data/corkr.geo data/cork.col data/corkr.ref data/corkr.cld
data/road11.geo data/road.col data/road11.ref data/road.cld
data/road12.geo data/road.col data/road12.ref data/road.cld
data/roadhill.geo data/roadhill.col data/roads.ref data/roadhill.cld
data/roadhl25.geo data/road.col data/roadhl25.ref data/road.cld
data/roadhr25.geo data/road.col data/roadhr25.ref data/road.cld
data/roadhl50.geo data/road.col data/roadhl50.ref data/road.cld
data/roadhr50.geo data/road.col data/roadhr50.ref data/road.cld
data/roadhl75.geo data/road.col data/roadhl75.ref data/road.cld
data/roadhr75.geo data/road.col data/roadhr75.ref data/road.cld
data/hill2.geo data/hill2.col data/noref.ref data/hill2.cld
objects 599
44 -20 -42 100 0 0 0 2 0
22 -1.20 6 60 0 0 0 2 0
23 3.10 5.1 59.1 0 0 2.356 3 0
16 -1.2000 0.0000 20.0000 0 0 0.0000 2 0
21 -1.2000 0.0000 0.0000 0 0 3.1416 5 0
4 -1.2000 0.0000 0.0000 0 0 -0.0000 1 0
4 -1.2000 0.0000 10.0000 0 0 -0.0000 1 0
4 -1.2000 0.0000 20.0000 0 0 -0.0000 1 0
4 -1.2000 0.0000 30.0000 0 0 -0.0000 1 0
4 -1.2000 0.0000 40.0000 0 0 -0.0000 1 0
4 -1.2000 0.0000 50.0000 0 0 -0.0000 1 0
4 -1.2000 0.0000 60.0000 0 0 -0.0000 1 0
4 -1.2000 0.0000 70.0000 0 0 -0.0000 1 0
4 -1.2000 0.0000 80.0000 0 0 -0.0000 1 0
4 -1.2000 0.0000 90.0000 0 0 -0.0000 1 0
4 -1.2000 0.0000 100.0000 0 0 -0.0000 1 0
4 -1.2000 0.0000 110.0000 0 0 -0.0000 1 0
4 -1.2000 0.0000 120.0000 0 0 -0.0000 1 0
4 -1.2000 0.0000 130.0000 0 0 -0.0000 1 0
4 -1.2000 0.0000 140.0000 0 0 -0.0000 1 0
4 -1.2000 0.0000 150.0000 0 0 -0.0000 1 0
4 -1.2000 0.0000 160.0000 0 0 -0.0000 1 0
4 -1.2000 0.0000 170.0000 0 0 -0.0000 1 0
4 -1.2000 0.0000 180.0000 0 0 -0.0000 1 0
4 -1.2000 0.0000 190.0000 0 0 -0.0000 1 0
39 -1.2000 0.0000 200.0000 0 0 -0.0000 1 0
39 -0.4000 1.9383 209.7448 0 0 -0.3927 1 0
39 0.4000 7.4582 218.0061 0 0 -0.7854 1 0
39 1.2000 15.7194 223.5261 0 0 -1.1781 1 0
39 2.0000 25.4642 225.4645 0 0 -1.5708 1 0
39 2.8000 35.2090 223.5262 0 0 -1.9635 1 0
39 3.6000 43.4703 218.0063 0 0 -2.3562 1 0
39 4.4000 48.9903 209.7451 0 0 -2.7489 1 0
9 5.2000 50.9287 200.0003 0 0 -3.1416 1 0
9 6.0000 50.9287 190.0003 0 0 -3.1416 1 0
9 6.8000 50.9287 180.0003 0 0 -3.1416 1 0
9 7.6000 50.9287 170.0003 0 0 -3.1416 1 0
9 8.4000 50.9287 160.0003 0 0 -3.1416 1 0
9 9.2000 50.9287 150.0003 0 0 -3.1416 1 0
9 10.0000 50.9287 140.0003 0 0 -3.1416 1 0
9 10.8000 50.9287 130.0003 0 0 -3.1416 1 0
9 11.6000 50.9287 120.0003 0 0 -3.1416 1 0
9 12.4000 50.9287 110.0003 0 0 -3.1416 1 0
9 13.2000 50.9287 100.0003 0 0 -3.1416 1 0
6 14.0000 50.9287 90.0003 0 0 -3.1416 1 0
6 14.0000 54.6579 80.9972 0 0 -2.3562 1 0
6 14.0000 63.6610 77.2680 0 0 -1.5708 1 0
6 14.0000 72.6641 80.9972 0 0 -0.7854 1 0
4 14.0000 76.3933 90.0003 0 0 -0.0000 1 0
4 14.0000 76.3933 100.0003 0 0 -0.0000 1 0
4 14.0000 76.3933 110.0003 0 0 -0.0000 1 0
4 14.0000 76.3933 120.0003 0 0 -0.0000 1 0
4 14.0000 76.3933 130.0003 0 0 -0.0000 1 0
4 14.0000 76.3933 140.0003 0 0 -0.0000 1 0
4 14.0000 76.3933 150.0003 0 0 -0.0000 1 0
4 14.0000 76.3933 160.0003 0 0 -0.0000 1 0
4 14.0000 76.3933 170.0003 0 0 -0.0000 1 0
4 14.0000 76.3933 180.0003 0 0 -0.0000 1 0
4 14.0000 76.3933 190.0003 0 0 -0.0000 1 0
8 14.0000 76.3933 200.0003 0 0 -0.0000 1 0
8 14.0000 80.1225 209.0034 0 0 -0.7854 1 0
8 14.0000 89.1256 212.7326 0 0 -1.5708 1 0
8 14.0000 98.1287 209.0034 0 0 -2.3562 1 0
9 14.0000 101.8579 200.0003 0 0 -3.1416 1 0
9 14.8000 101.8579 190.0003 0 0 -3.1416 1 0
9 15.6000 101.8579 180.0003 0 0 -3.1416 1 0
9 16.4000 101.8579 170.0003 0 0 -3.1416 1 0
9 17.2000 101.8579 160.0003 0 0 -3.1416 1 0
9 18.0000 101.8579 150.0003 0 0 -3.1416 1 0
9 18.8000 101.8579 140.0003 0 0 -3.1416 1 0
9 19.6000 101.8579 130.0003 0 0 -3.1416 1 0
9 20.4000 101.8579 120.0003 0 0 -3.1416 1 0
9 21.2000 101.8579 110.0003 0 0 -3.1416 1 0
9 22.0000 101.8579 100.0003 0 0 -3.1416 1 0
6 22.8000 101.8579 90.0003 0 0 -3.1416 1 0
6 22.8000 105.5871 80.9972 0 0 -2.3562 1 0
6 22.8000 114.5902 77.2680 0 0 -1.5708 1 0
6 22.8000 123.5933 80.9972 0 0 -0.7854 1 0
9 22.8000 127.3225 90.0003 0 0 -0.0000 1 0
9 23.6000 127.3225 100.0003 0 0 -0.0000 1 0
9 24.4000 127.3225 110.0003 0 0 -0.0000 1 0
9 25.2000 127.3225 120.0003 0 0 -0.0000 1 0
9 26.0000 127.3225 130.0003 0 0 -0.0000 1 0
9 26.8000 127.3225 140.0003 0 0 -0.0000 1 0
9 27.6000 127.3225 150.0003 0 0 -0.0000 1 0
9 28.4000 127.3225 160.0003 0 0 -0.0000 1 0
9 29.2000 127.3225 170.0003 0 0 -0.0000 1 0
7 30.0000 127.3225 180.0003 0 0 -0.0000 1 0
7 30.0000 129.2608 189.7451 0 0 -0.3927 1 0
7 30.0000 134.7807 198.0063 0 0 -0.7854 1 0
7 30.0000 143.0419 203.5264 0 0 -1.1781 1 0
7 30.0000 152.7867 205.4648 0 0 -1.5708 1 0
7 30.0000 162.5315 203.5265 0 0 -1.9635 1 0
7 30.0000 170.7928 198.0066 0 0 -2.3562 1 0
7 30.0000 176.3128 189.7454 0 0 -2.7489 1 0
4 30.0000 178.2512 180.0006 0 0 -3.1416 1 0
4 30.0000 178.2512 170.0006 0 0 -3.1416 1 0
8 30.0000 178.2512 160.0006 0 0 -3.1416 1 0
8 30.0000 174.5220 150.9975 0 0 -3.9270 1 0
14 30.0000 165.5189 147.2683 0 0 -4.7124 1 0
26 32.4000 155.5189 147.2683 0 0 -4.7124 1 0
15 34.8000 145.5189 147.2683 0 0 -4.7124 1 0
15 34.8000 135.5189 147.2683 0 0 -4.7124 1 0
15 34.8000 125.5189 147.2683 0 0 -4.7124 1 0
15 34.8000 115.5189 147.2683 0 0 -4.7124 1 0
26 32.4000 95.5189 147.2683 0 0 -1.5708 1 0
26 30.0000 85.5189 147.2683 0 0 -1.5708 1 0
26 27.6000 75.5189 147.2683 0 0 -1.5708 1 0
26 25.2000 65.5189 147.2683 0 0 -1.5708 1 0
26 22.8000 55.5189 147.2683 0 0 -1.5708 1 0
26 20.4000 45.5189 147.2683 0 0 -1.5708 1 0
26 18.0000 35.5189 147.2683 0 0 -1.5708 1 0
26 15.6000 25.5189 147.2683 0 0 -1.5708 1 0
26 13.2000 15.5189 147.2683 0 0 -1.5708 1 0
26 10.8000 5.5189 147.2683 0 0 -1.5708 1 0
26 8.4000 -4.4811 147.2683 0 0 -1.5708 1 0
26 6.0000 -14.4811 147.2683 0 0 -1.5708 1 0
26 3.6000 -24.4811 147.2683 0 0 -1.5708 1 0
26 1.2000 -34.4811 147.2683 0 0 -1.5708 1 0
12 1.2000 -34.4811 147.2683 0 0 -4.7124 1 0
13 1.2000 -44.4811 147.2683 0 0 -4.7124 1 0
13 1.2000 -54.4811 147.2683 0 0 -4.7124 1 0
13 1.2000 -64.4811 147.2683 0 0 -4.7124 1 0
13 1.2000 -74.4811 147.2683 0 0 -4.7124 1 0
13 1.2000 -84.4811 147.2683 0 0 -4.7124 1 0
13 1.2000 -94.4811 147.2683 0 0 -4.7124 1 0
13 1.2000 -104.4811 147.2683 0 0 -4.7124 1 0
13 1.2000 -114.4811 147.2683 0 0 -4.7124 1 0
13 1.2000 -124.4811 147.2683 0 0 -4.7124 1 0
13 1.2000 -134.4811 147.2683 0 0 -4.7124 1 0
13 1.2000 -144.4811 147.2683 0 0 -4.7124 1 0
13 1.2000 -154.4811 147.2684 0 0 -4.7124 1 0
13 1.2000 -164.4811 147.2684 0 0 -4.7124 1 0
13 1.2000 -174.4811 147.2684 0 0 -4.7124 1 0
12 1.2000 -194.4811 147.2684 0 0 -1.5708 1 0
5 1.2000 -194.4811 147.2684 0 0 -4.7124 1 0
5 1.2000 -204.2259 145.3301 0 0 -4.3197 1 0
5 1.2000 -212.4872 139.8101 0 0 -3.9270 1 0
5 1.2000 -218.0072 131.5489 0 0 -3.5343 1 0
12 1.2000 -219.9456 121.8042 0 0 -3.1416 1 0
13 1.2000 -219.9456 111.8042 0 0 -3.1416 1 0
13 1.2000 -219.9456 101.8042 0 0 -3.1416 1 0
13 1.2000 -219.9456 91.8042 0 0 -3.1416 1 0
13 1.2000 -219.9456 81.8042 0 0 -3.1416 1 0
13 1.2000 -219.9456 71.8042 0 0 -3.1416 1 0
13 1.2000 -219.9456 61.8042 0 0 -3.1416 1 0
13 1.2000 -219.9456 51.8042 0 0 -3.1416 1 0
13 1.2000 -219.9456 41.8042 0 0 -3.1416 1 0
12 1.2000 -219.9456 21.8042 0 0 -0.0000 1 0
38 1.2000 -219.9456 21.8042 0 0 -3.1416 1 0
40 2.0000 -218.0073 12.0594 0 0 -2.7489 1 0
42 3.6000 -212.4874 3.7981 0 0 -2.3562 1 0
43 6.0000 -204.2262 -1.7219 0 0 -1.9635 1 0
41 8.4000 -195.9649 -7.2419 0 0 -2.3562 1 0
39 10.0000 -190.4449 -15.5031 0 0 -2.7489 1 0
4 10.8000 -188.5065 -25.2478 0 0 -3.1416 1 0
4 10.8000 -188.5065 -35.2478 0 0 -3.1416 1 0
4 10.8000 -188.5065 -45.2478 0 0 -3.1416 1 0
7 10.8000 -188.5065 -55.2478 0 0 -3.1416 1 0
7 10.8000 -190.4448 -64.9926 0 0 -3.5343 1 0
7 10.8000 -195.9647 -73.2539 0 0 -3.9270 1 0
7 10.8000 -204.2259 -78.7739 0 0 -4.3197 1 0
4 10.8000 -213.9707 -80.7124 0 0 -4.7124 1 0
4 10.8000 -223.9707 -80.7124 0 0 -4.7124 1 0
4 10.8000 -233.9707 -80.7123 0 0 -4.7124 1 0
4 10.8000 -243.9707 -80.7123 0 0 -4.7124 1 0
4 10.8000 -253.9707 -80.7123 0 0 -4.7124 1 0
4 10.8000 -263.9707 -80.7123 0 0 -4.7124 1 0
4 10.8000 -273.9707 -80.7123 0 0 -4.7124 1 0
4 10.8000 -283.9707 -80.7123 0 0 -4.7124 1 0
4 10.8000 -293.9707 -80.7123 0 0 -4.7124 1 0
4 10.8000 -303.9707 -80.7123 0 0 -4.7124 1 0
4 10.8000 -313.9707 -80.7123 0 0 -4.7124 1 0
4 10.8000 -323.9707 -80.7123 0 0 -4.7124 1 0
4 10.8000 -333.9707 -80.7123 0 0 -4.7124 1 0
4 10.8000 -343.9707 -80.7123 0 0 -4.7124 1 0
4 10.8000 -353.9707 -80.7123 0 0 -4.7124 1 0
4 10.8000 -363.9707 -80.7123 0 0 -4.7124 1 0
4 10.8000 -373.9707 -80.7123 0 0 -4.7124 1 0
4 10.8000 -383.9707 -80.7123 0 0 -4.7124 1 0
4 10.8000 -393.9707 -80.7123 0 0 -4.7124 1 0
4 10.8000 -403.9707 -80.7123 0 0 -4.7124 1 0
4 10.8000 -413.9707 -80.7123 0 0 -4.7124 1 0
4 10.8000 -423.9707 -80.7123 0 0 -4.7124 1 0
4 10.8000 -433.9707 -80.7123 0 0 -4.7124 1 0
4 10.8000 -443.9707 -80.7123 0 0 -4.7124 1 0
4 10.8000 -453.9707 -80.7123 0 0 -4.7124 1 0
4 10.8000 -463.9707 -80.7123 0 0 -4.7124 1 0
4 10.8000 -473.9707 -80.7123 0 0 -4.7124 1 0
4 10.8000 -483.9707 -80.7123 0 0 -4.7124 1 0
4 10.8000 -493.9707 -80.7123 0 0 -4.7124 1 0
4 10.8000 -503.9707 -80.7123 0 0 -4.7124 1 0
4 10.8000 -513.9707 -80.7123 0 0 -4.7124 1 0
4 10.8000 -523.9707 -80.7123 0 0 -4.7124 1 0
6 10.8000 -533.9707 -80.7123 0 0 -4.7124 1 0
6 10.8000 -542.9738 -84.4415 0 0 -3.9270 1 0
6 10.8000 -546.7030 -93.4446 0 0 -3.1416 1 0
6 10.8000 -542.9738 -102.4477 0 0 -2.3562 1 0
12 10.8000 -533.9707 -106.1769 0 0 -1.5708 1 0
13 10.8000 -523.9707 -106.1769 0 0 -1.5708 1 0
13 10.8000 -513.9707 -106.1769 0 0 -1.5708 1 0
13 10.8000 -503.9707 -106.1769 0 0 -1.5708 1 0
13 10.8000 -493.9707 -106.1769 0 0 -1.5708 1 0
13 10.8000 -483.9707 -106.1769 0 0 -1.5708 1 0
13 10.8000 -473.9707 -106.1769 0 0 -1.5708 1 0
13 10.8000 -463.9707 -106.1769 0 0 -1.5708 1 0
13 10.8000 -453.9707 -106.1769 0 0 -1.5708 1 0
13 10.8000 -443.9707 -106.1769 0 0 -1.5708 1 0
13 10.8000 -433.9707 -106.1769 0 0 -1.5708 1 0
13 10.8000 -423.9707 -106.1769 0 0 -1.5708 1 0
13 10.8000 -413.9707 -106.1769 0 0 -1.5708 1 0
13 10.8000 -403.9707 -106.1769 0 0 -1.5708 1 0
13 10.8000 -393.9707 -106.1769 0 0 -1.5708 1 0
13 10.8000 -383.9707 -106.1769 0 0 -1.5708 1 0
13 10.8000 -373.9707 -106.1769 0 0 -1.5708 1 0
13 10.8000 -363.9707 -106.1769 0 0 -1.5708 1 0
13 10.8000 -353.9707 -106.1769 0 0 -1.5708 1 0
13 10.8000 -343.9707 -106.1769 0 0 -1.5708 1 0
13 10.8000 -333.9707 -106.1769 0 0 -1.5708 1 0
13 10.8000 -323.9707 -106.1769 0 0 -1.5708 1 0
13 10.8000 -313.9707 -106.1769 0 0 -1.5708 1 0
13 10.8000 -303.9707 -106.1769 0 0 -1.5708 1 0
13 10.8000 -293.9707 -106.1769 0 0 -1.5708 1 0
13 10.8000 -283.9707 -106.1769 0 0 -1.5708 1 0
13 10.8000 -273.9707 -106.1769 0 0 -1.5708 1 0
13 10.8000 -263.9707 -106.1769 0 0 -1.5708 1 0
13 10.8000 -253.9707 -106.1769 0 0 -1.5708 1 0
13 10.8000 -243.9707 -106.1769 0 0 -1.5708 1 0
12 10.8000 -223.9707 -106.1769 0 0 1.5708 1 0
39 10.8000 -223.9707 -106.1769 0 0 -1.5708 1 0
39 11.6000 -214.2259 -108.1152 0 0 -1.9635 1 0
39 12.4000 -205.9647 -113.6351 0 0 -2.3562 1 0
39 13.2000 -200.4446 -121.8963 0 0 -2.7489 1 0
39 14.0000 -198.5062 -131.6411 0 0 -3.1416 1 0
39 14.8000 -200.4445 -141.3859 0 0 -3.5343 1 0
39 15.6000 -205.9644 -149.6472 0 0 -3.9270 1 0
39 16.4000 -214.2256 -155.1672 0 0 -4.3197 1 0
39 17.2000 -223.9704 -157.1056 0 0 -4.7124 1 0
38 18.0000 -233.7152 -155.1673 0 0 -5.1051 1 0
4 18.8000 -243.4600 -153.2289 0 0 -4.7124 1 0
4 18.8000 -253.4600 -153.2289 0 0 -4.7124 1 0
4 18.8000 -263.4600 -153.2289 0 0 -4.7124 1 0
4 18.8000 -273.4600 -153.2289 0 0 -4.7124 1 0
4 18.8000 -283.4600 -153.2289 0 0 -4.7124 1 0
4 18.8000 -293.4600 -153.2289 0 0 -4.7124 1 0
4 18.8000 -303.4600 -153.2289 0 0 -4.7124 1 0
4 18.8000 -313.4600 -153.2289 0 0 -4.7124 1 0
4 18.8000 -323.4600 -153.2289 0 0 -4.7124 1 0
4 18.8000 -333.4600 -153.2289 0 0 -4.7124 1 0
4 18.8000 -343.4600 -153.2289 0 0 -4.7124 1 0
4 18.8000 -353.4600 -153.2289 0 0 -4.7124 1 0
4 18.8000 -363.4600 -153.2289 0 0 -4.7124 1 0
4 18.8000 -373.4600 -153.2289 0 0 -4.7124 1 0
4 18.8000 -383.4600 -153.2289 0 0 -4.7124 1 0
4 18.8000 -393.4600 -153.2289 0 0 -4.7124 1 0
4 18.8000 -403.4600 -153.2289 0 0 -4.7124 1 0
4 18.8000 -413.4600 -153.2289 0 0 -4.7124 1 0
4 18.8000 -423.4600 -153.2289 0 0 -4.7124 1 0
4 18.8000 -433.4600 -153.2289 0 0 -4.7124 1 0
4 18.8000 -443.4600 -153.2289 0 0 -4.7124 1 0
4 18.8000 -453.4600 -153.2289 0 0 -4.7124 1 0
4 18.8000 -463.4600 -153.2289 0 0 -4.7124 1 0
4 18.8000 -473.4600 -153.2289 0 0 -4.7124 1 0
4 18.8000 -483.4600 -153.2289 0 0 -4.7124 1 0
4 18.8000 -493.4600 -153.2288 0 0 -4.7124 1 0
4 18.8000 -503.4600 -153.2288 0 0 -4.7124 1 0
4 18.8000 -513.4600 -153.2288 0 0 -4.7124 1 0
4 18.8000 -523.4600 -153.2288 0 0 -4.7124 1 0
4 18.8000 -533.4600 -153.2288 0 0 -4.7124 1 0
4 18.8000 -543.4600 -153.2288 0 0 -4.7124 1 0
4 18.8000 -553.4600 -153.2288 0 0 -4.7124 1 0
4 18.8000 -563.4600 -153.2288 0 0 -4.7124 1 0
7 18.8000 -573.4600 -153.2288 0 0 -4.7124 1 0
7 18.8000 -583.2048 -151.2905 0 0 -5.1051 1 0
7 18.8000 -591.4661 -145.7706 0 0 -5.4978 1 0
7 18.8000 -596.9861 -137.5094 0 0 -5.8905 1 0
4 18.8000 -598.9245 -127.7646 0 0 -6.2832 1 0
4 18.8000 -598.9245 -117.7646 0 0 -6.2832 1 0
4 18.8000 -598.9245 -107.7646 0 0 -6.2832 1 0
4 18.8000 -598.9245 -97.7646 0 0 -6.2832 1 0
4 18.8000 -598.9245 -87.7646 0 0 -6.2832 1 0
4 18.8000 -598.9245 -77.7646 0 0 -6.2832 1 0
4 18.8000 -598.9245 -67.7646 0 0 -6.2832 1 0
4 18.8000 -598.9245 -57.7646 0 0 -6.2832 1 0
9 18.8000 -598.9245 -47.7646 0 0 -6.2832 1 0
9 19.6000 -598.9245 -37.7646 0 0 -6.2832 1 0
9 20.4000 -598.9245 -27.7646 0 0 -6.2832 1 0
9 21.2000 -598.9245 -17.7646 0 0 -6.2832 1 0
9 22.0000 -598.9245 -7.7646 0 0 -6.2832 1 0
9 22.8000 -598.9245 2.2354 0 0 -6.2832 1 0
4 23.6000 -598.9245 12.2354 0 0 -6.2832 1 0
4 23.6000 -598.9245 22.2354 0 0 -6.2832 1 0
9 22.8000 -598.9244 42.2354 0 0 -3.1416 1 0
9 22.0000 -598.9244 52.2354 0 0 -3.1416 1 0
9 21.2000 -598.9244 62.2354 0 0 -3.1416 1 0
9 20.4000 -598.9244 72.2354 0 0 -3.1416 1 0
9 19.6000 -598.9244 82.2354 0 0 -3.1416 1 0
4 19.6000 -598.9244 82.2354 0 0 -6.2832 1 0
4 19.6000 -598.9244 92.2354 0 0 -6.2832 1 0
4 19.6000 -598.9244 102.2354 0 0 -6.2832 1 0
4 19.6000 -598.9244 112.2354 0 0 -6.2832 1 0
4 19.6000 -598.9244 122.2354 0 0 -6.2832 1 0
4 19.6000 -598.9244 132.2354 0 0 -6.2832 1 0
5 19.6000 -598.9244 142.2354 0 0 -6.2832 1 0
4 19.6000 -600.8627 151.9802 0 0 -5.8905 1 0
4 19.6000 -604.6895 161.2190 0 0 -5.8905 1 0
4 19.6000 -608.5164 170.4578 0 0 -5.8905 1 0
4 19.6000 -612.3432 179.6966 0 0 -5.8905 1 0
4 19.6000 -616.1700 188.9354 0 0 -5.8905 1 0
4 19.6000 -619.9969 198.1742 0 0 -5.8905 1 0
4 19.6000 -623.8237 207.4130 0 0 -5.8905 1 0
4 19.6000 -627.6505 216.6518 0 0 -5.8905 1 0
4 19.6000 -631.4774 225.8906 0 0 -5.8905 1 0
4 19.6000 -635.3042 235.1293 0 0 -5.8905 1 0
12 19.6000 -639.1310 244.3681 0 0 -5.8905 1 0
13 19.6000 -642.9579 253.6069 0 0 -5.8905 1 0
13 19.6000 -646.7847 262.8457 0 0 -5.8905 1 0
13 19.6000 -650.6115 272.0845 0 0 -5.8905 1 0
13 19.6000 -654.4384 281.3233 0 0 -5.8905 1 0
13 19.6000 -658.2652 290.5621 0 0 -5.8905 1 0
13 19.6000 -662.0920 299.8009 0 0 -5.8905 1 0
13 19.6000 -665.9189 309.0397 0 0 -5.8905 1 0
13 19.6000 -669.7457 318.2785 0 0 -5.8905 1 0
13 19.6000 -673.5725 327.5173 0 0 -5.8905 1 0
12 19.6000 -681.2262 345.9949 0 0 -2.7489 1 0
15 19.6000 -681.2262 345.9949 0 0 -5.8905 1 0
15 19.6000 -685.0530 355.2337 0 0 -5.8905 1 0
15 19.6000 -688.8798 364.4725 0 0 -5.8905 1 0
15 19.6000 -692.7067 373.7113 0 0 -5.8905 1 0
15 19.6000 -696.5335 382.9501 0 0 -5.8905 1 0
15 19.6000 -700.3603 392.1889 0 0 -5.8905 1 0
15 19.6000 -704.1872 401.4277 0 0 -5.8905 1 0
12 19.6000 -708.0140 410.6665 0 0 -5.8905 1 0
13 19.6000 -711.8408 419.9053 0 0 -5.8905 1 0
13 19.6000 -715.6677 429.1441 0 0 -5.8905 1 0
13 19.6000 -719.4945 438.3829 0 0 -5.8905 1 0
12 19.6000 -727.1482 456.8605 0 0 -2.7489 1 0
4 19.6000 -727.1482 456.8605 0 0 -5.8905 1 0
4 19.6000 -730.9750 466.0993 0 0 -5.8905 1 0
7 19.6000 -734.8018 475.3381 0 0 -5.8905 1 0
7 19.6000 -736.7402 485.0828 0 0 -6.2832 1 0
7 19.6000 -734.8019 494.8276 0 0 -6.6759 1 0
7 19.6000 -729.2820 503.0889 0 0 -7.0686 1 0
7 19.6000 -721.0208 508.6089 0 0 -7.4613 1 0
7 19.6000 -711.2760 510.5473 0 0 -7.8540 1 0
7 19.6000 -701.5312 508.6090 0 0 -8.2467 1 0
7 19.6000 -693.2700 503.0891 0 0 -8.6394 1 0
7 19.6000 -687.7499 494.8279 0 0 -9.0321 1 0
4 19.6000 -685.8115 485.0831 0 0 -9.4248 1 0
37 19.6000 -685.8115 465.0831 0 0 -6.2832 1 0
9 18.8000 -685.8115 455.0831 0 0 -6.2832 1 0
10 17.2000 -685.8115 445.0831 0 0 -6.2832 1 0
9 16.4000 -685.8115 435.0831 0 0 -6.2832 1 0
4 16.4000 -685.8115 435.0831 0 0 -9.4248 1 0
4 16.4000 -685.8116 425.0831 0 0 -9.4248 1 0
4 16.4000 -685.8116 415.0831 0 0 -9.4248 1 0
6 16.4000 -685.8116 405.0831 0 0 -9.4248 1 0
6 16.4000 -682.0824 396.0800 0 0 -8.6394 1 0
4 16.4000 -673.0793 392.3508 0 0 -7.8540 1 0
4 16.4000 -663.0793 392.3508 0 0 -7.8540 1 0
4 16.4000 -653.0793 392.3508 0 0 -7.8540 1 0
4 16.4000 -643.0793 392.3508 0 0 -7.8540 1 0
4 16.4000 -633.0793 392.3508 0 0 -7.8540 1 0
9 16.4000 -623.0793 392.3508 0 0 -7.8540 1 0
9 17.2000 -613.0793 392.3508 0 0 -7.8540 1 0
10 18.0000 -603.0793 392.3508 0 0 -7.8540 1 0
10 19.6000 -593.0793 392.3508 0 0 -7.8540 1 0
10 21.2000 -583.0793 392.3508 0 0 -7.8540 1 0
10 22.8000 -573.0793 392.3508 0 0 -7.8540 1 0
9 24.4000 -563.0793 392.3508 0 0 -7.8540 1 0
4 25.2000 -553.0793 392.3508 0 0 -7.8540 1 0
4 25.2000 -543.0793 392.3508 0 0 -7.8540 1 0
4 25.2000 -533.0793 392.3508 0 0 -7.8540 1 0
4 25.2000 -523.0793 392.3508 0 0 -7.8540 1 0
4 25.2000 -513.0793 392.3507 0 0 -7.8540 1 0
4 25.2000 -503.0793 392.3507 0 0 -7.8540 1 0
7 25.2000 -493.0793 392.3507 0 0 -7.8540 1 0
7 25.2000 -483.3345 390.4124 0 0 -8.2467 1 0
5 25.2000 -475.0732 384.8925 0 0 -8.6394 1 0
4 25.2000 -466.8120 379.3725 0 0 -8.2467 1 0
4 25.2000 -457.5732 375.5456 0 0 -8.2467 1 0
4 25.2000 -448.3344 371.7188 0 0 -8.2467 1 0
4 25.2000 -439.0956 367.8920 0 0 -8.2467 1 0
4 25.2000 -429.8568 364.0651 0 0 -8.2467 1 0
4 25.2000 -420.6180 360.2383 0 0 -8.2467 1 0
4 25.2000 -411.3792 356.4114 0 0 -8.2467 1 0
4 25.2000 -402.1405 352.5846 0 0 -8.2467 1 0
9 24.4000 -383.6629 344.9309 0 0 -5.1051 1 0
10 22.8000 -374.4241 341.1041 0 0 -5.1051 1 0
11 20.4000 -365.1853 337.2773 0 0 -5.1051 1 0
11 18.0000 -355.9465 333.4504 0 0 -5.1051 1 0
10 16.4000 -346.7077 329.6236 0 0 -5.1051 1 0
9 15.6000 -337.4689 325.7967 0 0 -5.1051 1 0
4 15.6000 -337.4689 325.7967 0 0 -8.2467 1 0
4 15.6000 -328.2301 321.9699 0 0 -8.2467 1 0
4 15.6000 -318.9913 318.1431 0 0 -8.2467 1 0
4 15.6000 -309.7525 314.3162 0 0 -8.2467 1 0
4 15.6000 -300.5137 310.4894 0 0 -8.2467 1 0
4 15.6000 -291.2749 306.6626 0 0 -8.2467 1 0
4 15.6000 -282.0361 302.8357 0 0 -8.2467 1 0
4 15.6000 -272.7973 299.0089 0 0 -8.2467 1 0
4 15.6000 -263.5585 295.1820 0 0 -8.2467 1 0
4 15.6000 -254.3198 291.3552 0 0 -8.2467 1 0
4 15.6000 -245.0810 287.5284 0 0 -8.2467 1 0
5 15.6000 -235.8422 283.7015 0 0 -8.2467 1 0
5 15.6000 -226.0974 281.7631 0 0 -7.8540 1 0
5 15.6000 -216.3526 283.7014 0 0 -7.4613 1 0
4 15.6000 -208.0913 289.2213 0 0 -7.0686 1 0
4 15.6000 -201.0203 296.2924 0 0 -7.0686 1 0
4 15.6000 -193.9492 303.3635 0 0 -7.0686 1 0
4 15.6000 -186.8781 310.4345 0 0 -7.0686 1 0
21 15.6000 -179.8070 317.5056 0 0 -7.0686 5 0
16 15.6000 -193.9492 303.3635 0 0 -7.0686 2 0
20 -1.2000 -5.5000 40.0044 0 0 3.1416 2 0
20 -1.2000 5.5000 39.9956 0 0 -0.0000 2 0
17 -1.2000 -5.3000 60.0042 0 0 0.0000 2 0
19 -1.2000 -5.5000 80.0044 0 0 3.1416 2 0
24 -1.2000 5.3000 79.9958 0 0 0.0000 2 0
20 -1.2000 -5.5000 100.0044 0 0 3.1416 2 0
19 -1.2000 5.5000 99.9956 0 0 -0.0000 2 0
18 -1.2000 -5.3000 120.0042 0 0 0.0000 2 0
17 -1.2000 -5.3000 140.0042 0 0 0.0000 2 0
18 -1.2000 5.3000 159.9958 0 0 0.0000 2 0
17 -1.2000 -5.3000 180.0042 0 0 0.0000 2 0
24 -1.8000 -5.3000 200.0042 0 0 0.0000 2 0
17 -0.2000 3.7135 221.7567 0 0 0.7854 2 0
24 -0.2000 11.2029 214.2554 0 0 0.7854 2 0
17 1.4000 25.4600 220.1645 0 0 1.5708 2 0
17 3.0000 47.2209 221.7510 0 0 2.3562 2 0
18 4.6000 56.2287 199.9961 0 0 3.1416 2 0
17 6.6000 56.2287 179.9961 0 0 3.1416 2 0
17 8.2000 56.2287 159.9961 0 0 3.1416 2 0
24 8.2000 45.6287 160.0045 0 0 3.1416 2 0
18 11.4000 45.6287 120.0045 0 0 3.1416 2 0
17 13.0000 56.2287 99.9961 0 0 3.1416 2 0
17 13.0000 45.6287 100.0045 0 0 3.1416 2 0
17 13.8000 58.4085 84.7419 0 0 2.3562 2 0
18 13.8000 50.9072 77.2525 0 0 2.3562 2 0
24 14.0000 76.4088 77.2465 0 0 0.7854 2 0
17 14.0000 81.6933 99.9961 0 0 0.0000 2 0
20 14.0000 70.8933 140.0047 0 0 3.1416 2 0
24 14.0000 81.6933 139.9961 0 0 0.0000 2 0
19 14.0000 70.8933 160.0047 0 0 3.1416 2 0
17 14.0000 81.6933 179.9961 0 0 0.0000 2 0
19 14.0000 89.1300 218.2326 0 0 1.5708 2 0
18 13.8000 107.1579 199.9961 0 0 3.1416 2 0
17 13.8000 96.5579 200.0045 0 0 3.1416 2 0
17 15.4000 107.1579 179.9961 0 0 3.1416 2 0
17 15.4000 96.5579 180.0045 0 0 3.1416 2 0
17 17.0000 107.1579 159.9961 0 0 3.1416 2 0
18 17.0000 96.5579 160.0045 0 0 3.1416 2 0
18 20.2000 107.1579 119.9961 0 0 3.1416 2 0
24 21.8000 107.1579 99.9961 0 0 3.1416 2 0
18 22.6000 109.3377 84.7419 0 0 2.3562 2 0
18 22.8000 127.3380 77.2465 0 0 0.7854 2 0
17 23.4000 132.6225 99.9961 0 0 0.0000 2 0
18 25.0000 122.0225 120.0045 0 0 0.0000 2 0
17 26.6000 132.6225 139.9961 0 0 0.0000 2 0
24 28.2000 122.0225 160.0045 0 0 0.0000 2 0
17 28.2000 132.6225 159.9961 0 0 0.0000 2 0
24 29.8000 122.0225 180.0045 0 0 0.0000 2 0
18 29.8000 132.6225 179.9961 0 0 0.0000 2 0
20 30.0000 130.8947 201.8985 0 0 2.3562 2 0
17 30.0000 152.7909 210.7648 0 0 1.5708 2 0
17 30.0000 152.7825 200.1648 0 0 1.5708 2 0
20 30.0000 174.6850 201.8926 0 0 0.7854 2 0
20 30.0000 166.9006 194.1206 0 0 -2.3562 2 0
18 30.0000 172.9512 180.0048 0 0 3.1416 2 0
18 30.0000 183.5512 159.9964 0 0 3.1416 2 0
19 30.0000 172.7512 160.0050 0 0 -3.1416 2 0
24 1.2000 -208.7425 136.0595 0 0 3.9270 2 0
17 3.0000 -208.7367 7.5428 0 0 2.3562 2 0
17 3.0000 -216.2380 0.0534 0 0 2.3562 2 0
24 7.8000 -192.2143 -3.4972 0 0 2.3562 2 0
18 10.2000 -193.8065 -25.2436 0 0 3.1416 2 0
19 10.8000 -183.0065 -45.2522 0 0 0.0000 2 0
24 10.8000 -193.8065 -45.2436 0 0 3.1416 2 0
19 10.8000 -185.3651 -67.1014 0 0 -0.3927 2 0
17 10.8000 -195.3397 -62.9605 0 0 3.5343 2 0
24 10.8000 -202.2016 -83.6721 0 0 4.3197 2 0
17 10.8000 -206.2502 -73.8758 0 0 4.3197 2 0
17 10.8000 -223.9749 -86.0123 0 0 4.7124 2 0
19 10.8000 -243.9751 -86.2123 0 0 -1.5708 2 0
19 10.8000 -263.9663 -75.2123 0 0 -4.7124 2 0
18 10.8000 -283.9749 -86.0123 0 0 4.7124 2 0
18 10.8000 -283.9665 -75.4123 0 0 4.7124 2 0
20 10.8000 -323.9751 -86.2123 0 0 -1.5708 2 0
24 10.8000 -323.9665 -75.4123 0 0 4.7124 2 0
17 10.8000 -343.9749 -86.0123 0 0 4.7124 2 0
20 10.8000 -343.9663 -75.2123 0 0 -4.7124 2 0
24 10.8000 -363.9749 -86.0123 0 0 4.7124 2 0
24 10.8000 -383.9749 -86.0123 0 0 4.7124 2 0
24 10.8000 -403.9749 -86.0123 0 0 4.7124 2 0
19 10.8000 -423.9751 -86.2123 0 0 -1.5708 2 0
17 10.8000 -423.9665 -75.4123 0 0 4.7124 2 0
20 10.8000 -443.9751 -86.2123 0 0 -1.5708 2 0
17 10.8000 -443.9665 -75.4123 0 0 4.7124 2 0
17 10.8000 -483.9749 -86.0123 0 0 4.7124 2 0
18 10.8000 -483.9665 -75.4123 0 0 4.7124 2 0
19 10.8000 -503.9751 -86.2123 0 0 -1.5708 2 0
18 10.8000 -503.9665 -75.4123 0 0 4.7124 2 0
20 10.8000 -523.9751 -86.2123 0 0 -1.5708 2 0
17 10.8000 -523.9665 -75.4123 0 0 4.7124 2 0
20 10.8000 -546.8598 -80.5493 0 0 -3.9270 2 0
17 11.8000 -209.7153 -117.3798 0 0 2.3562 2 0
24 13.4000 -193.2062 -131.6453 0 0 3.1416 2 0
17 16.6000 -223.9746 -162.4056 0 0 4.7124 2 0
17 16.6000 -223.9662 -151.8056 0 0 4.7124 2 0
24 18.8000 -263.4642 -158.5289 0 0 4.7124 2 0
18 18.8000 -263.4558 -147.9289 0 0 4.7124 2 0
19 18.8000 -283.4644 -158.7289 0 0 -1.5708 2 0
18 18.8000 -323.4642 -158.5289 0 0 4.7124 2 0
18 18.8000 -323.4558 -147.9289 0 0 4.7124 2 0
18 18.8000 -343.4558 -147.9289 0 0 4.7124 2 0
17 18.8000 -363.4642 -158.5289 0 0 4.7124 2 0
20 18.8000 -363.4556 -147.7289 0 0 -4.7124 2 0
17 18.8000 -383.4642 -158.5289 0 0 4.7124 2 0
24 18.8000 -403.4642 -158.5289 0 0 4.7124 2 0
18 18.8000 -403.4558 -147.9289 0 0 4.7124 2 0
19 18.8000 -423.4644 -158.7289 0 0 -1.5708 2 0
24 18.8000 -443.4642 -158.5289 0 0 4.7124 2 0
17 18.8000 -443.4558 -147.9289 0 0 4.7124 2 0
20 18.8000 -483.4644 -158.7288 0 0 -1.5708 2 0
18 18.8000 -483.4558 -147.9289 0 0 4.7124 2 0
24 18.8000 -503.4642 -158.5288 0 0 4.7124 2 0
19 18.8000 -503.4556 -147.7288 0 0 -4.7124 2 0
17 18.8000 -523.4558 -147.9288 0 0 4.7124 2 0
18 18.8000 -543.4642 -158.5288 0 0 4.7124 2 0
24 18.8000 -543.4558 -147.9288 0 0 4.7124 2 0
24 18.8000 -563.4642 -158.5288 0 0 4.7124 2 0
18 18.8000 -563.4558 -147.9288 0 0 4.7124 2 0
24 18.8000 -585.2369 -156.1855 0 0 5.1051 2 0
17 18.8000 -601.8843 -139.5337 0 0 5.8905 2 0
17 18.8000 -604.2245 -117.7604 0 0 6.2832 2 0
18 18.8000 -604.2245 -97.7604 0 0 6.2832 2 0
19 18.8000 -593.4245 -97.7690 0 0 -6.2832 2 0
24 18.8000 -593.6245 -77.7688 0 0 6.2832 2 0
24 18.8000 -604.2245 -57.7604 0 0 6.2832 2 0
19 18.8000 -593.4245 -57.7690 0 0 -6.2832 2 0
24 21.0000 -604.2245 -17.7604 0 0 6.2832 2 0
17 23.4000 -604.2245 22.2396 0 0 6.2832 2 0
24 22.6000 -604.2244 42.2396 0 0 6.2832 2 0
17 22.6000 -593.6244 42.2312 0 0 6.2832 2 0
24 21.0000 -593.6244 62.2312 0 0 6.2832 2 0
24 19.4000 -593.6244 82.2312 0 0 6.2832 2 0
20 19.6000 -593.4244 122.2310 0 0 -6.2832 2 0
17 19.6000 -604.2244 142.2396 0 0 6.2832 2 0
19 19.6000 -599.6065 163.3197 0 0 -5.8905 2 0
24 19.6000 -607.4450 181.7209 0 0 5.8905 2 0
17 19.6000 -624.8950 196.1498 0 0 5.8905 2 0
20 19.6000 -614.9139 200.2749 0 0 -5.8905 2 0
19 19.6000 -622.5675 218.7525 0 0 -5.8905 2 0
17 19.6000 -640.2024 233.1050 0 0 5.8905 2 0
24 19.6000 -739.7000 473.3137 0 0 5.8905 2 0
24 19.6000 -729.9070 492.7955 0 0 6.6759 2 0
18 19.6000 -723.0451 513.5071 0 0 7.4613 2 0
20 19.6000 -718.9201 503.5259 0 0 -7.4613 2 0
17 19.6000 -699.4991 513.5040 0 0 8.2467 2 0
20 19.6000 -703.6400 503.5294 0 0 -8.2467 2 0
24 19.6000 -682.8518 496.8522 0 0 9.0321 2 0
17 19.6000 -692.6481 492.8036 0 0 9.0321 2 0
19 19.6000 -680.3115 475.0787 0 0 -6.2832 2 0
18 18.4000 -680.5115 455.0789 0 0 9.4248 2 0
18 16.0000 -680.5116 435.0789 0 0 9.4248 2 0
19 16.4000 -678.1902 399.9660 0 0 -5.4978 2 0
24 16.4000 -685.8330 392.3353 0 0 8.6394 2 0
18 16.4000 -663.0750 397.6508 0 0 7.8540 2 0
17 16.4000 -663.0835 387.0508 0 0 7.8540 2 0
24 16.4000 -643.0750 397.6508 0 0 7.8540 2 0
17 20.8000 -583.0750 397.6508 0 0 7.8540 2 0
17 24.0000 -563.0750 397.6508 0 0 7.8540 2 0
24 25.0000 -543.0835 387.0508 0 0 7.8540 2 0
24 25.2000 -523.0750 397.6507 0 0 7.8540 2 0
17 25.2000 -503.0835 387.0507 0 0 7.8540 2 0
20 25.2000 -464.7032 384.4521 0 0 -5.1051 2 0
18 25.2000 -468.8441 374.4775 0 0 8.2467 2 0
24 25.2000 -450.3665 366.8239 0 0 8.2467 2 0
17 25.2000 -427.8247 368.9601 0 0 8.2467 2 0
24 25.2000 -413.4114 351.5165 0 0 8.2467 2 0
18 25.0000 -390.8695 353.6527 0 0 8.2467 2 0
17 25.0000 -394.9338 343.8628 0 0 8.2467 2 0
17 22.2000 -372.3920 345.9990 0 0 8.2467 2 0
18 22.2000 -376.4562 336.2091 0 0 8.2467 2 0
17 17.4000 -353.9144 338.3454 0 0 8.2467 2 0
17 17.4000 -357.9786 328.5555 0 0 8.2467 2 0
17 15.2000 -335.4368 330.6917 0 0 8.2467 2 0
24 15.2000 -339.5010 320.9018 0 0 8.2467 2 0
20 15.6000 -316.8825 323.2227 0 0 -5.1051 2 0
24 15.6000 -298.4816 315.3843 0 0 8.2467 2 0
19 15.6000 -302.6225 305.4097 0 0 -8.2467 2 0
17 15.6000 -284.0683 297.9408 0 0 8.2467 2 0
19 15.6000 -261.4497 300.2617 0 0 -5.1051 2 0
20 15.6000 -265.6674 290.1024 0 0 -8.2467 2 0
19 15.6000 -242.9722 292.6080 0 0 -5.1051 2 0
19 15.6000 -247.1898 282.4487 0 0 -8.2467 2 0
18 15.6000 -226.0932 287.0631 0 0 7.8540 2 0
17 15.6000 -226.1016 276.4631 0 0 7.8540 2 0
17 15.6000 -204.3466 285.4707 0 0 7.0686 2 0
19 15.6000 -190.0632 299.4713 0 0 -7.0686 2 0
