ambient 0.5
headlight 0.2
directional 0.6
lightdir -1.0 -1.0 -1.0
background 190 210 235
clfactors 1.0 1.0 1.0
objtypes 36
data/steer.geo data/steer.col data/noref.ref data/nocl.cld
data/speed.geo data/speed.col data/noref.ref data/nocl.cld
data/dmod.geo data/dmod.col data/noref.ref data/nocl.cld
data/roads.geo data/roads.col data/roads.ref data/road.cld
data/roadlw.geo data/road.col data/roadlw.ref data/road.cld
data/roadln.geo data/road.col data/roadln.ref data/road.cld
data/roadrw.geo data/road.col data/roadrw.ref data/road.cld
data/roadrn.geo data/road.col data/roadrn.ref data/road.cld
data/road25.geo data/road.col data/road25.ref data/road.cld
data/road50.geo data/road.col data/road50.ref data/road.cld
data/road75.geo data/road.col data/road75.ref data/road.cld
data/tunnb.geo data/tunnb.col data/tunnb.ref data/tunnb.cld
data/tunn.geo data/tunn.col data/tunn.ref data/tunn.cld
data/bridgec.geo data/bridgec.col data/bridgstr.ref data/bridgec.cld
data/bridges.geo data/bridges.col data/bridges.ref data/bridges.cld
data/start.geo data/start.col data/start.ref data/nocl.cld
data/tree1.geo data/tree1.col data/tree.ref data/tree.cld
data/tree2.geo data/tree2.col data/tree.ref data/tree.cld
data/house1.geo data/house1.col data/house1.ref data/house1.cld
data/house2.geo data/house2.col data/house2.ref data/house2.cld
data/trs.geo data/trs.col data/trs.ref data/trs.cld
data/wind.geo data/wind.col data/wind.ref data/wind.cld
data/prop.geo data/prop.col data/noref.ref data/nocl.cld
data/tree3.geo data/tree3.col data/tree.ref data/nocl.cld
data/glider.geo data/glider.col data/noref.ref data/nocl.cld
data/bridgescl.geo data/bridges.col data/bridgec.ref data/bridgescl.cld
data/loop4r.geo data/loopblue.col data/loop4r.ref data/loop4r.cld
data/loop2r.geo data/loopgreen.col data/loop2r.ref data/loop2r.cld
data/loop1r.geo data/loopred.col data/loop1r.ref data/loop1r.cld
data/loop4l.geo data/loopblue.col data/loop4l.ref data/loop4l.cld
data/loop2l.geo data/loopgreen.col data/loop2l.ref data/loop2l.cld
data/loop1l.geo data/loopred.col data/loop1l.ref data/loop1l.cld
data/corkl.geo data/cork.col data/corkl.ref data/corkl.cld
data/corkr.geo data/cork.col data/corkr.ref data/corkr.cld
data/road11.geo data/road.col data/road11.ref data/road.cld
data/road12.geo data/road.col data/road12.ref data/road.cld
objects 305
16 -1.2000 0.0000 20.0000 0 0 0.0000 2 0
21 -1.2000 0.0000 0.0000 0 0 3.1416 5 0
4 -1.2000 0.0000 0.0000 0 0 -0.0000 1 0
4 -1.2000 0.0000 10.0000 0 0 -0.0000 1 0
4 -1.2000 0.0000 20.0000 0 0 -0.0000 1 0
4 -1.2000 0.0000 30.0000 0 0 -0.0000 1 0
4 -1.2000 0.0000 40.0000 0 0 -0.0000 1 0
4 -1.2000 0.0000 50.0000 0 0 -0.0000 1 0
36 -1.2000 0.0000 60.0000 0 0 -0.0000 1 0
35 3.2713 0.0000 68.9447 0 0 -0.0000 1 0
6 10.3424 0.0000 76.0158 0 0 -0.0000 1 0
6 10.3424 -3.7292 85.0189 0 0 0.7854 1 0
6 10.3424 -12.7323 88.7481 0 0 1.5708 1 0
6 10.3424 -21.7354 85.0189 0 0 2.3562 1 0
8 10.3424 -25.4646 76.0158 0 0 3.1416 1 0
8 10.3424 -29.1938 67.0127 0 0 2.3562 1 0
8 10.3424 -38.1969 63.2835 0 0 1.5708 1 0
8 10.3424 -47.2000 67.0127 0 0 0.7854 1 0
35 3.2713 -50.9292 83.0869 0 0 3.1416 1 0
36 -1.2000 -50.9292 92.0316 0 0 3.1416 1 0
4 -1.2000 -50.9292 92.0316 0 0 0.0000 1 0
4 -1.2000 -50.9292 102.0316 0 0 0.0000 1 0
4 -1.2000 -50.9292 112.0316 0 0 0.0000 1 0
8 -1.2000 -50.9292 122.0316 0 0 0.0000 1 0
5 -1.2000 -47.2000 131.0347 0 0 -0.7854 1 0
5 -1.2000 -41.6800 139.2959 0 0 -0.3927 1 0
5 -1.2000 -39.7416 149.0407 0 0 0.0000 1 0
5 -1.2000 -41.6799 158.7855 0 0 0.3927 1 0
5 -1.2000 -47.1998 167.0467 0 0 0.7854 1 0
5 -1.2000 -55.4610 172.5668 0 0 1.1781 1 0
5 -1.2000 -65.2058 174.5052 0 0 1.5708 1 0
5 -1.2000 -74.9506 172.5669 0 0 1.9635 1 0
5 -1.2000 -83.2118 167.0470 0 0 2.3562 1 0
5 -1.2000 -88.7319 158.7858 0 0 2.7489 1 0
5 -1.2000 -90.6703 149.0410 0 0 3.1416 1 0
5 -1.2000 -88.7320 139.2962 0 0 3.5343 1 0
8 -1.2000 -83.2120 131.0349 0 0 3.9270 1 0
4 -1.2000 -79.4828 122.0318 0 0 3.1416 1 0
4 -1.2000 -79.4828 112.0318 0 0 3.1416 1 0
4 -1.2000 -79.4828 102.0318 0 0 3.1416 1 0
4 -1.2000 -79.4828 92.0318 0 0 3.1416 1 0
4 -1.2000 -79.4828 82.0318 0 0 3.1416 1 0
9 -1.2000 -79.4828 72.0318 0 0 3.1416 1 0
10 -0.4000 -79.4828 62.0318 0 0 3.1416 1 0
11 1.2000 -79.4828 52.0318 0 0 3.1416 1 0
10 3.6000 -79.4828 42.0318 0 0 3.1416 1 0
9 5.2000 -79.4828 32.0318 0 0 3.1416 1 0
5 6.0000 -79.4828 22.0318 0 0 3.1416 1 0
5 6.0000 -77.5445 12.2870 0 0 3.5343 1 0
5 6.0000 -72.0246 4.0258 0 0 3.9270 1 0
4 6.0000 -63.7634 -1.4943 0 0 4.3197 1 0
4 6.0000 -54.5246 -5.3211 0 0 4.3197 1 0
29 6.0000 -45.2858 -9.1479 0 0 4.3197 1 0
4 6.0000 -47.1992 -13.7673 0 0 4.3197 1 0
4 6.0000 -37.9604 -17.5942 0 0 4.3197 1 0
4 6.0000 -28.7216 -21.4210 0 0 4.3197 1 0
4 6.0000 -19.4828 -25.2478 0 0 4.3197 1 0
4 6.0000 -10.2440 -29.0747 0 0 4.3197 1 0
12 6.0000 -1.0052 -32.9015 0 0 4.3197 1 0
12 6.0000 17.4724 -40.5552 0 0 7.4613 1 0
4 6.0000 17.4724 -40.5552 0 0 4.3197 1 0
9 5.2000 35.9500 -48.2088 0 0 7.4613 1 0
10 3.6000 45.1887 -52.0357 0 0 7.4613 1 0
11 1.2000 54.4275 -55.8625 0 0 7.4613 1 0
8 1.2000 54.4275 -55.8625 0 0 4.3197 1 0
8 1.2000 61.3182 -62.7532 0 0 3.5343 1 0
8 1.2000 61.3182 -72.4980 0 0 2.7489 1 0
36 1.2000 54.4276 -79.3887 0 0 1.9635 1 0
4 5.6713 46.1637 -82.8117 0 0 1.9635 1 0
4 5.6713 36.9249 -86.6385 0 0 1.9635 1 0
4 5.6713 27.6861 -90.4654 0 0 1.9635 1 0
4 5.6713 18.4474 -94.2922 0 0 1.9635 1 0
4 5.6713 9.2086 -98.1191 0 0 1.9635 1 0
9 5.6713 -0.0302 -101.9459 0 0 1.9635 1 0
9 6.4713 -9.2690 -105.7727 0 0 1.9635 1 0
8 7.2713 -18.5078 -109.5996 0 0 1.9635 1 0
5 7.2713 -28.2527 -109.5996 0 0 1.1781 1 0
5 7.2713 -37.9975 -107.6611 0 0 1.5708 1 0
5 7.2713 -47.7423 -109.5994 0 0 1.9635 1 0
5 7.2713 -56.0036 -115.1194 0 0 2.3562 1 0
7 7.2713 -61.5236 -123.3806 0 0 2.7489 1 0
11 7.2713 -67.0435 -131.6418 0 0 2.3562 1 0
11 9.6713 -74.1146 -138.7129 0 0 2.3562 1 0
4 12.0713 -81.1856 -145.7840 0 0 2.3562 1 0
4 12.0713 -88.2567 -152.8551 0 0 2.3562 1 0
4 12.0713 -95.3278 -159.9261 0 0 2.3562 1 0
4 12.0713 -102.3988 -166.9972 0 0 2.3562 1 0
4 12.0713 -109.4699 -174.0683 0 0 2.3562 1 0
36 12.0713 -116.5410 -181.1393 0 0 2.3562 1 0
36 12.0713 -129.1907 -193.7890 0 0 5.4978 1 0
6 12.0713 -129.1907 -193.7890 0 0 2.3562 1 0
6 12.0713 -132.9199 -202.7921 0 0 3.1416 1 0
6 12.0713 -129.1907 -211.7952 0 0 3.9270 1 0
8 12.0713 -120.1876 -215.5244 0 0 4.7124 1 0
8 12.0713 -111.1845 -219.2536 0 0 3.9270 1 0
8 12.0713 -107.4553 -228.2567 0 0 3.1416 1 0
4 12.0713 -111.1845 -237.2598 0 0 2.3562 1 0
4 12.0713 -118.2556 -244.3309 0 0 2.3562 1 0
4 12.0713 -125.3266 -251.4020 0 0 2.3562 1 0
4 12.0713 -132.3977 -258.4730 0 0 2.3562 1 0
4 12.0713 -139.4688 -265.5441 0 0 2.3562 1 0
36 12.0713 -146.5398 -272.6152 0 0 2.3562 1 0
35 16.5426 -152.8647 -278.9400 0 0 2.3562 1 0
4 23.6137 -157.8647 -283.9401 0 0 2.3562 1 0
4 23.6137 -164.9358 -291.0111 0 0 2.3562 1 0
4 23.6137 -172.0068 -298.0822 0 0 2.3562 1 0
4 23.6137 -179.0779 -305.1533 0 0 2.3562 1 0
4 23.6137 -186.1490 -312.2243 0 0 2.3562 1 0
4 23.6137 -193.2200 -319.2954 0 0 2.3562 1 0
4 23.6137 -200.2911 -326.3665 0 0 2.3562 1 0
8 23.6137 -207.3622 -333.4375 0 0 2.3562 1 0
8 23.6137 -216.3653 -337.1668 0 0 1.5708 1 0
4 23.6137 -225.3684 -333.4376 0 0 0.7854 1 0
4 23.6137 -232.4394 -326.3665 0 0 0.7854 1 0
4 23.6137 -239.5105 -319.2954 0 0 0.7854 1 0
4 23.6137 -246.5816 -312.2244 0 0 0.7854 1 0
36 23.6137 -253.6526 -305.1533 0 0 0.7854 1 0
11 28.0850 -259.9775 -298.8284 0 0 0.7854 1 0
10 30.4850 -267.0486 -291.7574 0 0 0.7854 1 0
9 32.0850 -274.1196 -284.6863 0 0 0.7854 1 0
4 32.8850 -281.1907 -277.6152 0 0 0.7854 1 0
9 32.0850 -295.3328 -263.4731 0 0 3.9270 1 0
10 30.4850 -302.4039 -256.4020 0 0 3.9270 1 0
11 28.0850 -309.4750 -249.3310 0 0 3.9270 1 0
36 23.6137 -315.7998 -243.0061 0 0 3.9270 1 0
35 16.5426 -320.7999 -238.0061 0 0 3.9270 1 0
36 12.0713 -327.1247 -231.6812 0 0 3.9270 1 0
4 12.0713 -327.1247 -231.6812 0 0 0.7854 1 0
4 12.0713 -334.1958 -224.6102 0 0 0.7854 1 0
4 12.0713 -341.2669 -217.5391 0 0 0.7854 1 0
4 12.0713 -348.3379 -210.4680 0 0 0.7854 1 0
4 12.0713 -355.4090 -203.3969 0 0 0.7854 1 0
4 12.0713 -362.4801 -196.3259 0 0 0.7854 1 0
4 12.0713 -369.5511 -189.2548 0 0 0.7854 1 0
4 12.0713 -376.6222 -182.1837 0 0 0.7854 1 0
4 12.0713 -383.6933 -175.1127 0 0 0.7854 1 0
4 12.0713 -390.7643 -168.0416 0 0 0.7854 1 0
6 12.0713 -397.8354 -160.9705 0 0 0.7854 1 0
6 12.0713 -406.8385 -157.2413 0 0 1.5708 1 0
6 12.0713 -415.8416 -160.9705 0 0 2.3562 1 0
6 12.0713 -419.5708 -169.9736 0 0 3.1416 1 0
10 12.0713 -415.8416 -178.9767 0 0 3.9270 1 0
10 13.6713 -408.7705 -186.0478 0 0 3.9270 1 0
10 15.2713 -401.6995 -193.1189 0 0 3.9270 1 0
10 16.8713 -394.6284 -200.1899 0 0 3.9270 1 0
10 18.4713 -387.5573 -207.2610 0 0 3.9270 1 0
4 20.0713 -380.4863 -214.3321 0 0 3.9270 1 0
4 20.0713 -373.4152 -221.4031 0 0 3.9270 1 0
4 20.0713 -366.3441 -228.4742 0 0 3.9270 1 0
6 20.0713 -359.2730 -235.5453 0 0 3.9270 1 0
6 20.0713 -350.2700 -239.2745 0 0 4.7124 1 0
14 20.0713 -341.2669 -235.5453 0 0 5.4978 1 0
15 22.4713 -334.1958 -228.4742 0 0 5.4978 1 0
26 20.0713 -320.0537 -214.3321 0 0 8.6394 1 0
26 17.6713 -312.9826 -207.2610 0 0 8.6394 1 0
26 15.2713 -305.9115 -200.1899 0 0 8.6394 1 0
26 12.8713 -298.8405 -193.1189 0 0 8.6394 1 0
26 10.4713 -291.7694 -186.0478 0 0 8.6394 1 0
14 8.0713 -284.6983 -178.9767 0 0 8.6394 1 0
11 5.6713 -277.6273 -171.9056 0 0 8.6394 1 0
10 4.0713 -270.5562 -164.8346 0 0 8.6394 1 0
9 3.2713 -263.4851 -157.7635 0 0 8.6394 1 0
4 3.2713 -263.4851 -157.7635 0 0 5.4978 1 0
4 3.2713 -256.4141 -150.6924 0 0 5.4978 1 0
4 3.2713 -249.3430 -143.6214 0 0 5.4978 1 0
4 3.2713 -242.2719 -136.5503 0 0 5.4978 1 0
7 3.2713 -235.2009 -129.4792 0 0 5.4978 1 0
7 3.2713 -226.9397 -123.9592 0 0 5.1051 1 0
7 3.2713 -217.1949 -122.0208 0 0 4.7124 1 0
4 3.2713 -207.4501 -123.9591 0 0 4.3197 1 0
4 3.2713 -198.2113 -127.7859 0 0 4.3197 1 0
4 3.2713 -188.9725 -131.6127 0 0 4.3197 1 0
5 3.2713 -179.7337 -135.4396 0 0 4.3197 1 0
5 3.2713 -169.9889 -137.3780 0 0 4.7124 1 0
5 3.2713 -160.2441 -135.4397 0 0 5.1051 1 0
4 3.2713 -151.9829 -129.9198 0 0 5.4978 1 0
4 3.2713 -144.9118 -122.8487 0 0 5.4978 1 0
4 3.2713 -137.8407 -115.7776 0 0 5.4978 1 0
4 3.2713 -130.7697 -108.7065 0 0 5.4978 1 0
4 3.2713 -123.6986 -101.6355 0 0 5.4978 1 0
4 3.2713 -116.6275 -94.5644 0 0 5.4978 1 0
4 3.2713 -109.5565 -87.4933 0 0 5.4978 1 0
4 3.2713 -102.4854 -80.4223 0 0 5.4978 1 0
4 3.2713 -95.4143 -73.3512 0 0 5.4978 1 0
4 3.2713 -88.3433 -66.2801 0 0 5.4978 1 0
21 3.2713 -81.2722 -59.2091 0 0 5.4978 5 0
16 3.2713 -95.4143 -73.3512 0 0 5.4978 2 0
19 -1.2000 -5.5000 40.0044 0 0 3.1416 2 0
19 -1.2000 5.5000 39.9956 0 0 -0.0000 2 0
20 10.3424 -12.7367 83.2481 0 0 4.7124 2 0
24 10.3424 -12.7281 94.0481 0 0 -1.5708 2 0
19 10.3424 -19.9646 76.0114 0 0 6.2832 2 0
18 10.3424 -30.7646 76.0200 0 0 -3.1416 2 0
19 10.3424 -38.2013 57.7835 0 0 4.7124 2 0
19 10.3424 -38.1925 68.7835 0 0 1.5708 2 0
17 -1.2000 -56.2292 112.0358 0 0 -0.0000 2 0
24 -1.2000 -45.6292 112.0274 0 0 -0.0000 2 0
20 -1.2000 -51.0860 134.9269 0 0 2.3562 2 0
24 -1.2000 -43.4553 127.2840 0 0 0.7854 2 0
19 -1.2000 -45.2416 149.0451 0 0 3.1416 2 0
17 -1.2000 -34.4416 149.0365 0 0 -0.0000 2 0
20 -1.2000 -51.0920 163.1607 0 0 3.9270 2 0
24 -1.2000 -43.4491 170.7914 0 0 -0.7854 2 0
18 -1.2000 -65.2100 169.2052 0 0 -1.5708 2 0
24 -1.2000 -65.2015 179.8052 0 0 -1.5708 2 0
20 -1.2000 -79.3258 163.1548 0 0 5.4978 2 0
18 -1.2000 -86.9565 170.7976 0 0 -2.3562 2 0
24 -1.2000 -85.3703 149.0368 0 0 -3.1416 2 0
20 -1.2000 -96.1703 149.0454 0 0 3.1416 2 0
20 -1.2000 -79.3199 134.9209 0 0 7.0686 2 0
24 -1.2000 -86.9627 127.2902 0 0 -3.9270 2 0
19 -1.2000 -73.9828 112.0274 0 0 6.2832 2 0
20 -1.2000 -73.9828 92.0274 0 0 6.2832 2 0
24 -1.2000 -84.7828 92.0360 0 0 -3.1416 2 0
18 -1.4000 -74.1828 72.0276 0 0 -3.1416 2 0
18 -1.4000 -84.7828 72.0360 0 0 -3.1416 2 0
24 0.6000 -74.1828 52.0276 0 0 -3.1416 2 0
24 4.6000 -74.1828 32.0276 0 0 -3.1416 2 0
17 4.6000 -84.7828 32.0360 0 0 -3.1416 2 0
18 5.8000 -72.6463 14.3113 0 0 -3.5343 2 0
18 5.8000 -82.4427 10.2627 0 0 -3.5343 2 0
19 6.0000 -61.6546 3.5854 0 0 7.4613 2 0
17 6.0000 -65.7955 -6.3892 0 0 -4.3197 2 0
24 6.0000 -17.4507 -20.3529 0 0 -4.3197 2 0
18 6.0000 -21.5149 -30.1428 0 0 -4.3197 2 0
24 4.8000 37.9821 -43.3139 0 0 -4.3197 2 0
18 4.8000 33.9178 -53.1038 0 0 -4.3197 2 0
24 0.6000 56.4597 -50.9676 0 0 -4.3197 2 0
24 0.6000 52.3954 -60.7574 0 0 -4.3197 2 0
19 1.2000 66.3979 -74.6068 0 0 5.8905 2 0
18 1.2000 56.4233 -70.4659 0 0 -2.7489 2 0
19 5.6713 29.7869 -95.5484 0 0 5.1051 2 0
24 5.6713 25.6618 -85.5672 0 0 -1.9635 2 0
24 5.6713 11.2329 -103.0172 0 0 -1.9635 2 0
20 5.6713 7.1078 -93.0360 0 0 1.9635 2 0
24 6.2713 -7.2447 -110.6709 0 0 -1.9635 2 0
24 6.2713 -11.2934 -100.8745 0 0 -1.9635 2 0
17 7.0713 -30.2848 -114.4945 0 0 -1.1781 2 0
17 7.2713 -45.7180 -114.4976 0 0 -1.9635 2 0
20 7.2713 -49.8430 -104.5164 0 0 1.9635 2 0
20 7.2713 -56.4439 -125.4894 0 0 5.8905 2 0
20 7.2713 -66.6032 -121.2718 0 0 2.7489 2 0
17 9.0713 -70.3699 -142.4636 0 0 -2.3562 2 0
17 9.0713 -77.8593 -134.9623 0 0 -2.3562 2 0
24 11.4713 -92.0014 -149.1044 0 0 -2.3562 2 0
19 12.0713 -98.5129 -170.8894 0 0 5.4978 2 0
24 12.0713 -106.1435 -163.2465 0 0 -2.3562 2 0
18 12.0713 -125.4401 -208.0506 0 0 -3.9270 2 0
17 12.0713 -107.4339 -215.5090 0 0 -3.9270 2 0
24 12.0713 -114.9352 -222.9983 0 0 -3.9270 2 0
24 12.0713 -107.4398 -241.0105 0 0 -2.3562 2 0
17 12.0713 -114.9292 -233.5092 0 0 -2.3562 2 0
24 12.0713 -121.5819 -255.1526 0 0 -2.3562 2 0
19 12.0713 -129.2126 -247.5098 0 0 2.3562 2 0
19 12.0713 -135.5828 -269.4363 0 0 5.4978 2 0
24 23.6137 -175.3332 -308.9039 0 0 -2.3562 2 0
20 23.6137 -182.9639 -301.2611 0 0 2.3562 2 0
18 23.6137 -189.4754 -323.0461 0 0 -2.3562 2 0
20 23.6137 -197.1060 -315.4032 0 0 2.3562 2 0
18 23.6137 -203.6175 -337.1882 0 0 -2.3562 2 0
17 23.6137 -211.1069 -329.6869 0 0 -2.3562 2 0
19 23.6137 -229.2606 -337.3235 0 0 3.9270 2 0
20 23.6137 -243.4027 -323.1814 0 0 3.9270 2 0
20 23.6137 -235.6183 -315.4094 0 0 0.7854 2 0
17 32.4850 -284.9414 -281.3599 0 0 -0.7854 2 0
17 32.4850 -277.4401 -273.8705 0 0 -0.7854 2 0
17 31.6850 -291.5822 -259.7284 0 0 -0.7854 2 0
17 12.0713 -352.0886 -214.2127 0 0 -0.7854 2 0
19 12.0713 -344.4457 -206.5820 0 0 0.7854 2 0
18 12.0713 -366.2307 -200.0706 0 0 -0.7854 2 0
20 12.0713 -380.5144 -186.0697 0 0 3.9270 2 0
20 12.0713 -372.7300 -178.2978 0 0 0.7854 2 0
18 12.0713 -394.5150 -171.7863 0 0 -0.7854 2 0
24 12.0713 -387.0137 -164.2969 0 0 -0.7854 2 0
24 12.0713 -406.8427 -162.5413 0 0 -1.5708 2 0
19 12.0713 -406.8341 -151.7413 0 0 1.5708 2 0
19 12.0713 -414.0708 -169.9780 0 0 6.2832 2 0
18 12.0713 -424.8708 -169.9694 0 0 -3.1416 2 0
17 13.2713 -405.0199 -182.3031 0 0 -3.9270 2 0
18 13.2713 -412.5212 -189.7925 0 0 -3.9270 2 0
18 16.4713 -390.8777 -196.4452 0 0 -3.9270 2 0
18 16.4713 -398.3790 -203.9346 0 0 -3.9270 2 0
18 19.6713 -376.7356 -210.5874 0 0 -3.9270 2 0
19 20.0713 -362.4519 -224.5882 0 0 7.0686 2 0
24 20.0713 -350.2657 -233.9745 0 0 -4.7124 2 0
19 20.0713 -350.2743 -244.7745 0 0 4.7124 2 0
17 2.8713 -267.2298 -154.0129 0 0 -5.4978 2 0
17 2.8713 -259.7404 -161.5142 0 0 -5.4978 2 0
19 3.2713 -239.0869 -125.5870 0 0 8.6394 2 0
18 3.2713 -231.4562 -133.2299 0 0 -5.4978 2 0
20 3.2713 -217.1905 -116.5208 0 0 7.8540 2 0
19 3.2713 -217.1993 -127.5208 0 0 4.7124 2 0
18 3.2713 -196.1792 -122.8910 0 0 -4.3197 2 0
24 3.2713 -200.2434 -132.6808 0 0 -4.3197 2 0
18 3.2713 -177.7016 -130.5446 0 0 -4.3197 2 0
24 3.2713 -181.7658 -140.3345 0 0 -4.3197 2 0
18 3.2713 -162.2684 -130.5415 0 0 -5.1051 2 0
24 3.2713 -158.2198 -140.3379 0 0 -5.1051 2 0
19 3.2713 -148.7978 -118.9565 0 0 8.6394 2 0
20 3.2713 -141.0258 -126.7409 0 0 5.4978 2 0
19 3.2713 -134.6556 -104.8144 0 0 8.6394 2 0
20 3.2713 -126.8837 -112.5987 0 0 5.4978 2 0
24 3.2713 -112.8828 -98.3151 0 0 -5.4978 2 0
20 3.2713 -106.3714 -76.5301 0 0 8.6394 2 0
17 3.2713 -98.7407 -84.1729 0 0 -5.4978 2 0
