ambient 0.5
headlight 0.2
directional 0.6
lightdir -1.0 1.0 1.0
background 190 200 225
clfactors 1.0 1.0 1.0
objtypes 49
data/steer.geo data/steer.col data/noref.ref data/nocl.cld
data/speed.geo data/speed.col data/noref.ref data/nocl.cld
data/dmod.geo data/dmod.col data/noref.ref data/nocl.cld
data/roads.geo data/roads.col data/roads.ref data/road.cld
data/roadlw.geo data/road.col data/roadlw.ref data/road.cld
data/roadln.geo data/road.col data/roadln.ref data/road.cld
data/roadrw.geo data/road.col data/roadrw.ref data/road.cld
data/roadrn.geo data/road.col data/roadrn.ref data/road.cld
data/road25.geo data/road.col data/road25.ref data/road.cld
data/road50.geo data/road.col data/road50.ref data/road.cld
data/road75.geo data/road.col data/road75.ref data/road.cld
data/tunnb.geo data/tunnb.col data/tunnb.ref data/tunnb.cld
data/tunn.geo data/tunn.col data/tunn.ref data/tunn.cld
data/bridgec.geo data/bridgec.col data/bridgstr.ref data/bridgec.cld
data/bridges.geo data/bridges.col data/bridges.ref data/bridges.cld
data/start.geo data/start.col data/start.ref data/nocl.cld
data/tree1.geo data/tree1.col data/tree.ref data/tree.cld
data/tree2.geo data/tree2.col data/tree.ref data/tree.cld
data/vila2.geo data/vila2.col data/vila2.ref data/vila2.cld
data/vila4.geo data/vila4.col data/vila4.ref data/vila4.cld
data/trs.geo data/trs.col data/trs.ref data/trs.cld
data/wind.geo data/wind.col data/wind.ref data/wind.cld
data/prop.geo data/prop.col data/noref.ref data/nocl.cld
data/tree3.geo data/tree3.col data/tree.ref data/nocl.cld
data/glider.geo data/glider.col data/noref.ref data/nocl.cld
data/bridgescl.geo data/bridges.col data/bridgec.ref data/bridgescl.cld
data/loop4r.geo data/loopblue.col data/loop4r.ref data/loop4r.cld
data/loop2r.geo data/loopgreen.col data/loop2r.ref data/loop2r.cld
data/loop1r.geo data/loopred.col data/loop1r.ref data/loop1r.cld
data/loop4l.geo data/loopblue.col data/loop4l.ref data/loop4l.cld
data/loop2l.geo data/loopgreen.col data/loop2l.ref data/loop2l.cld
data/loop1l.geo data/loopred.col data/loop1l.ref data/loop1l.cld
data/corkl.geo data/cork.col data/corkl.ref data/corkl.cld
data/corkr.geo data/cork.col data/corkr.ref data/corkr.cld
data/road11.geo data/road.col data/road11.ref data/road.cld
data/road12.geo data/road.col data/road12.ref data/road.cld
data/roadhill.geo data/roadhill.col data/roads.ref data/roadhill.cld
data/roadhl25.geo data/road.col data/roadhl25.ref data/road.cld
data/roadhr25.geo data/road.col data/roadhr25.ref data/road.cld
data/roadhl50.geo data/road.col data/roadhl50.ref data/road.cld
data/roadhr50.geo data/road.col data/roadhr50.ref data/road.cld
data/roadhl75.geo data/road.col data/roadhl75.ref data/road.cld
data/roadhr75.geo data/road.col data/roadhr75.ref data/road.cld
data/wroads.geo data/wroads.col data/wroads.ref data/wroad.cld
data/wroadl.geo data/wroad.col data/wroadl.ref data/wroad.cld
data/roadch.geo data/roadch.col data/roadch.ref data/roadch.cld
data/ter.geo data/ter.col data/ter.ref data/ter.cld
data/ter1.geo data/ter1.col data/ter1.ref data/ter1.cld
data/ter2.geo data/ter2.col data/ter2.ref data/ter2.cld
objects 276
16 -1.2000 0.0000 20.0000 0 0 0.0000 2 0
21 -1.2000 0.0000 0.0000 0 0 3.1416 5 0
4 -1.2000 0.0000 0.0000 0 0 -0.0000 1 0
4 -1.2000 0.0000 10.0000 0 0 -0.0000 1 0
4 -1.2000 0.0000 20.0000 0 0 -0.0000 1 0
4 -1.2000 0.0000 30.0000 0 0 -0.0000 1 0
4 -1.2000 0.0000 40.0000 0 0 -0.0000 1 0
4 -1.2000 0.0000 50.0000 0 0 -0.0000 1 0
4 -1.2000 0.0000 60.0000 0 0 -0.0000 1 0
4 -1.2000 0.0000 70.0000 0 0 -0.0000 1 0
4 -1.2000 0.0000 80.0000 0 0 -0.0000 1 0
4 -1.2000 0.0000 90.0000 0 0 -0.0000 1 0
14 -1.2000 0.0000 100.0000 0 0 -0.0000 1 0
26 1.2000 0.0000 110.0000 0 0 -0.0000 1 0
26 3.6000 0.0000 120.0000 0 0 -0.0000 1 0
15 6.0000 0.0000 130.0000 0 0 -0.0000 1 0
15 6.0000 0.0000 140.0000 0 0 -0.0000 1 0
15 6.0000 0.0000 150.0000 0 0 -0.0000 1 0
15 6.0000 0.0000 160.0000 0 0 -0.0000 1 0
15 6.0000 0.0000 170.0000 0 0 -0.0000 1 0
26 3.6000 0.0000 190.0000 0 0 3.1416 1 0
26 1.2000 0.0000 200.0000 0 0 3.1416 1 0
14 -1.2000 0.0000 210.0000 0 0 3.1416 1 0
49 -1.2000 0.0000 210.0000 0 0 -0.0000 1 0
48 -1.2000 0.0000 250.0000 0 0 -0.0000 1 0
47 -1.2000 0.0000 290.0000 0 0 -0.0000 1 0
5 -1.2000 0.0000 330.0000 0 0 -0.0000 1 0
5 -1.2000 -1.9383 339.7448 0 0 0.3927 1 0
5 -1.2000 -7.4582 348.0061 0 0 0.7854 1 0
5 -1.2000 -15.7194 353.5261 0 0 1.1781 1 0
46 -1.2000 -25.4642 355.4645 0 0 1.5708 1 0
44 -1.2000 -35.4642 355.4645 0 0 1.5708 1 0
44 -1.2000 -45.4642 355.4645 0 0 1.5708 1 0
44 -1.2000 -55.4642 355.4645 0 0 1.5708 1 0
44 -1.2000 -65.4642 355.4645 0 0 1.5708 1 0
44 -1.2000 -75.4642 355.4645 0 0 1.5708 1 0
44 -1.2000 -85.4642 355.4645 0 0 1.5708 1 0
44 -1.2000 -95.4642 355.4645 0 0 1.5708 1 0
44 -1.2000 -105.4642 355.4645 0 0 1.5708 1 0
44 -1.2000 -115.4642 355.4645 0 0 1.5708 1 0
44 -1.2000 -125.4642 355.4645 0 0 1.5708 1 0
45 -1.2000 -135.4642 355.4645 0 0 1.5708 1 0
45 -1.2000 -145.2090 353.5262 0 0 1.9635 1 0
45 -1.2000 -153.4703 348.0063 0 0 2.3562 1 0
45 -1.2000 -158.9903 339.7451 0 0 2.7489 1 0
44 -1.2000 -160.9287 330.0003 0 0 3.1416 1 0
44 -1.2000 -160.9287 320.0003 0 0 3.1416 1 0
44 -1.2000 -160.9287 310.0003 0 0 3.1416 1 0
44 -1.2000 -160.9287 300.0003 0 0 3.1416 1 0
44 -1.2000 -160.9287 290.0003 0 0 3.1416 1 0
44 -1.2000 -160.9287 280.0003 0 0 3.1416 1 0
44 -1.2000 -160.9287 270.0003 0 0 3.1416 1 0
44 -1.2000 -160.9287 260.0003 0 0 3.1416 1 0
44 -1.2000 -160.9287 250.0003 0 0 3.1416 1 0
44 -1.2000 -160.9287 240.0003 0 0 3.1416 1 0
44 -1.2000 -160.9287 230.0003 0 0 3.1416 1 0
44 -1.2000 -160.9287 220.0003 0 0 3.1416 1 0
44 -1.2000 -160.9287 210.0003 0 0 3.1416 1 0
44 -1.2000 -160.9287 200.0003 0 0 3.1416 1 0
45 -1.2000 -160.9287 190.0003 0 0 3.1416 1 0
45 -1.2000 -158.9904 180.2555 0 0 3.5343 1 0
45 -1.2000 -153.4705 171.9942 0 0 3.9270 1 0
45 -1.2000 -145.2093 166.4742 0 0 4.3197 1 0
44 -1.2000 -135.4645 164.5358 0 0 4.7124 1 0
44 -1.2000 -125.4645 164.5358 0 0 4.7124 1 0
44 -1.2000 -115.4645 164.5358 0 0 4.7124 1 0
44 -1.2000 -105.4645 164.5358 0 0 4.7124 1 0
44 -1.2000 -95.4645 164.5358 0 0 4.7124 1 0
44 -1.2000 -85.4645 164.5358 0 0 4.7124 1 0
44 -1.2000 -75.4645 164.5358 0 0 4.7124 1 0
44 -1.2000 -65.4645 164.5358 0 0 4.7124 1 0
44 -1.2000 -55.4645 164.5358 0 0 4.7124 1 0
44 -1.2000 -45.4645 164.5358 0 0 4.7124 1 0
44 -1.2000 -35.4645 164.5358 0 0 4.7124 1 0
44 -1.2000 -25.4645 164.5358 0 0 4.7124 1 0
44 -1.2000 -15.4645 164.5358 0 0 4.7124 1 0
44 -1.2000 -5.4645 164.5358 0 0 4.7124 1 0
44 -1.2000 4.5355 164.5358 0 0 4.7124 1 0
44 -1.2000 14.5355 164.5358 0 0 4.7124 1 0
44 -1.2000 24.5355 164.5358 0 0 4.7124 1 0
44 -1.2000 34.5355 164.5358 0 0 4.7124 1 0
44 -1.2000 44.5355 164.5358 0 0 4.7124 1 0
44 -1.2000 54.5355 164.5358 0 0 4.7124 1 0
46 -1.2000 74.5355 164.5358 0 0 7.8540 1 0
4 -1.2000 74.5355 164.5358 0 0 4.7124 1 0
4 -1.2000 84.5355 164.5358 0 0 4.7124 1 0
4 -1.2000 94.5355 164.5358 0 0 4.7124 1 0
4 -1.2000 104.5355 164.5358 0 0 4.7124 1 0
4 -1.2000 114.5355 164.5358 0 0 4.7124 1 0
4 -1.2000 124.5355 164.5358 0 0 4.7124 1 0
4 -1.2000 134.5355 164.5358 0 0 4.7124 1 0
4 -1.2000 144.5355 164.5358 0 0 4.7124 1 0
4 -1.2000 154.5355 164.5359 0 0 4.7124 1 0
4 -1.2000 164.5355 164.5359 0 0 4.7124 1 0
39 -1.2000 174.5355 164.5359 0 0 4.7124 1 0
39 -0.4000 184.2803 162.5976 0 0 4.3197 1 0
39 0.4000 192.5416 157.0776 0 0 3.9270 1 0
39 1.2000 198.0616 148.8164 0 0 3.5343 1 0
39 2.0000 200.0000 139.0717 0 0 3.1416 1 0
39 2.8000 198.0617 129.3269 0 0 2.7489 1 0
39 3.6000 192.5418 121.0656 0 0 2.3562 1 0
39 4.4000 184.2806 115.5456 0 0 1.9635 1 0
39 5.2000 174.5358 113.6071 0 0 1.5708 1 0
14 6.0000 164.7910 115.5454 0 0 1.1781 1 0
26 8.4000 155.5522 119.3723 0 0 1.1781 1 0
15 10.8000 146.3134 123.1991 0 0 1.1781 1 0
15 10.8000 137.0746 127.0259 0 0 1.1781 1 0
15 10.8000 127.8358 130.8528 0 0 1.1781 1 0
15 10.8000 118.5971 134.6796 0 0 1.1781 1 0
15 10.8000 109.3583 138.5064 0 0 1.1781 1 0
15 10.8000 100.1195 142.3333 0 0 1.1781 1 0
15 10.8000 90.8807 146.1601 0 0 1.1781 1 0
15 10.8000 81.6419 149.9869 0 0 1.1781 1 0
15 10.8000 72.4031 153.8138 0 0 1.1781 1 0
15 10.8000 63.1643 157.6406 0 0 1.1781 1 0
15 10.8000 53.9255 161.4674 0 0 1.1781 1 0
15 10.8000 44.6867 165.2943 0 0 1.1781 1 0
15 10.8000 35.4479 169.1211 0 0 1.1781 1 0
15 10.8000 26.2091 172.9479 0 0 1.1781 1 0
15 10.8000 16.9703 176.7748 0 0 1.1781 1 0
15 10.8000 7.7315 180.6016 0 0 1.1781 1 0
15 10.8000 -1.5073 184.4284 0 0 1.1781 1 0
15 10.8000 -10.7461 188.2553 0 0 1.1781 1 0
15 10.8000 -19.9849 192.0821 0 0 1.1781 1 0
15 10.8000 -29.2237 195.9090 0 0 1.1781 1 0
14 8.4000 -47.7013 203.5626 0 0 4.3197 1 0
4 8.4000 -47.7013 203.5626 0 0 1.1781 1 0
4 8.4000 -56.9401 207.3895 0 0 1.1781 1 0
4 8.4000 -66.1789 211.2163 0 0 1.1781 1 0
4 8.4000 -75.4177 215.0431 0 0 1.1781 1 0
4 8.4000 -84.6564 218.8700 0 0 1.1781 1 0
4 8.4000 -93.8952 222.6968 0 0 1.1781 1 0
4 8.4000 -103.1340 226.5236 0 0 1.1781 1 0
4 8.4000 -112.3728 230.3505 0 0 1.1781 1 0
14 8.4000 -121.6116 234.1773 0 0 1.1781 1 0
15 10.8000 -130.8504 238.0041 0 0 1.1781 1 0
15 10.8000 -140.0892 241.8310 0 0 1.1781 1 0
15 10.8000 -149.3280 245.6578 0 0 1.1781 1 0
15 10.8000 -158.5668 249.4846 0 0 1.1781 1 0
15 10.8000 -167.8056 253.3115 0 0 1.1781 1 0
15 10.8000 -177.0444 257.1383 0 0 1.1781 1 0
15 10.8000 -186.2832 260.9651 0 0 1.1781 1 0
14 8.4000 -204.7608 268.6188 0 0 4.3197 1 0
47 8.4000 -204.7608 268.6188 0 0 1.1781 1 0
47 8.4000 -241.7160 283.9261 0 0 1.1781 1 0
47 8.4000 -278.6712 299.2335 0 0 1.1781 1 0
49 8.4000 -315.6263 314.5408 0 0 1.1781 1 0
4 8.4000 -352.5815 329.8481 0 0 1.1781 1 0
4 8.4000 -361.8203 333.6750 0 0 1.1781 1 0
4 8.4000 -371.0591 337.5018 0 0 1.1781 1 0
4 8.4000 -380.2979 341.3286 0 0 1.1781 1 0
4 8.4000 -389.5367 345.1555 0 0 1.1781 1 0
4 8.4000 -398.7755 348.9823 0 0 1.1781 1 0
4 8.4000 -408.0143 352.8091 0 0 1.1781 1 0
4 8.4000 -417.2531 356.6360 0 0 1.1781 1 0
4 8.4000 -426.4919 360.4628 0 0 1.1781 1 0
4 8.4000 -435.7307 364.2896 0 0 1.1781 1 0
29 8.4000 -444.9695 368.1165 0 0 1.1781 1 0
46 8.4000 -443.0561 372.7359 0 0 1.1781 1 0
44 8.4000 -452.2949 376.5627 0 0 1.1781 1 0
44 8.4000 -461.5336 380.3895 0 0 1.1781 1 0
44 8.4000 -470.7724 384.2164 0 0 1.1781 1 0
44 8.4000 -480.0112 388.0432 0 0 1.1781 1 0
44 8.4000 -489.2500 391.8700 0 0 1.1781 1 0
45 8.4000 -506.7501 401.2168 0 0 3.9270 1 0
45 8.4000 -512.2701 409.4780 0 0 3.5343 1 0
45 8.4000 -514.2085 419.2228 0 0 3.1416 1 0
45 8.4000 -512.2702 428.9676 0 0 2.7489 1 0
45 8.4000 -506.7503 437.2288 0 0 2.3562 1 0
45 8.4000 -498.4891 442.7489 0 0 1.9635 1 0
45 8.4000 -488.7443 444.6873 0 0 1.5708 1 0
45 8.4000 -478.9995 442.7490 0 0 1.1781 1 0
44 8.4000 -478.9995 442.7490 0 0 -1.9635 1 0
44 8.4000 -469.7607 438.9222 0 0 -1.9635 1 0
44 8.4000 -460.5220 435.0953 0 0 -1.9635 1 0
44 8.4000 -451.2832 431.2685 0 0 -1.9635 1 0
44 8.4000 -442.0444 427.4416 0 0 -1.9635 1 0
44 8.4000 -432.8056 423.6148 0 0 -1.9635 1 0
44 8.4000 -423.5668 419.7880 0 0 -1.9635 1 0
44 8.4000 -414.3280 415.9611 0 0 -1.9635 1 0
44 8.4000 -405.0892 412.1343 0 0 -1.9635 1 0
44 8.4000 -395.8504 408.3075 0 0 -1.9635 1 0
44 8.4000 -386.6116 404.4806 0 0 -1.9635 1 0
44 8.4000 -377.3728 400.6538 0 0 -1.9635 1 0
44 8.4000 -368.1340 396.8270 0 0 -1.9635 1 0
44 8.4000 -358.8952 393.0001 0 0 -1.9635 1 0
44 8.4000 -349.6564 389.1733 0 0 -1.9635 1 0
44 8.4000 -340.4176 385.3465 0 0 -1.9635 1 0
44 8.4000 -331.1788 381.5196 0 0 -1.9635 1 0
44 8.4000 -321.9400 377.6928 0 0 -1.9635 1 0
44 8.4000 -312.7012 373.8660 0 0 -1.9635 1 0
44 8.4000 -303.4624 370.0391 0 0 -1.9635 1 0
46 8.4000 -284.9848 362.3854 0 0 1.1781 1 0
4 8.4000 -284.9848 362.3854 0 0 -1.9635 1 0
4 8.4000 -275.7461 358.5586 0 0 -1.9635 1 0
4 8.4000 -266.5073 354.7318 0 0 -1.9635 1 0
4 8.4000 -257.2685 350.9049 0 0 -1.9635 1 0
21 8.4000 -248.0297 347.0781 0 0 -1.9635 5 0
16 8.4000 -266.5073 354.7318 0 0 -1.9635 2 0
19 -1.2000 8.0000 39.9936 0 0 -0.0000 2 0
20 -1.2000 -8.0000 60.0064 0 0 3.1416 2 0
24 -1.2000 5.3000 59.9958 0 0 0.0000 2 0
19 -1.2000 -8.0000 80.0064 0 0 3.1416 2 0
18 -1.2000 5.3000 79.9958 0 0 0.0000 2 0
19 -1.2000 -13.1196 342.3537 0 0 3.9270 2 0
19 -1.2000 -1.7969 353.6584 0 0 0.7854 2 0
18 -1.2000 -65.4704 347.6645 0 0 -1.5708 2 0
24 -1.2000 -65.4580 363.2645 0 0 -1.5708 2 0
17 -1.2000 -85.4704 347.6645 0 0 -1.5708 2 0
24 -1.2000 -85.4580 363.2645 0 0 -1.5708 2 0
17 -1.2000 -125.4704 347.6645 0 0 -1.5708 2 0
17 -1.2000 -125.4580 363.2645 0 0 -1.5708 2 0
24 -1.2000 -142.2298 346.3176 0 0 -1.9635 2 0
18 -1.2000 -148.1882 360.7348 0 0 -1.9635 2 0
24 -1.2000 -151.7864 336.7544 0 0 -2.7489 2 0
18 -1.2000 -153.1287 319.9941 0 0 -3.1416 2 0
24 -1.2000 -168.7287 320.0065 0 0 -3.1416 2 0
17 -1.2000 -153.1287 299.9941 0 0 -3.1416 2 0
17 -1.2000 -168.7287 300.0065 0 0 -3.1416 2 0
24 -1.2000 -153.1287 279.9941 0 0 -3.1416 2 0
17 -1.2000 -168.7287 260.0065 0 0 -3.1416 2 0
24 -1.2000 -153.1287 239.9941 0 0 -3.1416 2 0
17 -1.2000 -168.7287 240.0065 0 0 -3.1416 2 0
18 -1.2000 -153.1287 219.9941 0 0 -3.1416 2 0
24 -1.2000 -168.7287 220.0065 0 0 -3.1416 2 0
24 -1.2000 -168.7287 200.0065 0 0 -3.1416 2 0
17 -1.2000 -151.7818 183.2347 0 0 -3.5343 2 0
17 -1.2000 -166.1990 177.2763 0 0 -3.5343 2 0
17 -1.2000 -142.2186 173.6781 0 0 -4.3197 2 0
17 -1.2000 -125.4583 172.3358 0 0 -4.7124 2 0
24 -1.2000 -125.4707 156.7358 0 0 -4.7124 2 0
18 -1.2000 -105.4583 172.3358 0 0 -4.7124 2 0
24 -1.2000 -105.4707 156.7358 0 0 -4.7124 2 0
24 -1.2000 -65.4583 172.3358 0 0 -4.7124 2 0
24 -1.2000 -65.4707 156.7358 0 0 -4.7124 2 0
18 -1.2000 -25.4583 172.3358 0 0 -4.7124 2 0
24 -1.2000 -5.4583 172.3358 0 0 -4.7124 2 0
24 -1.2000 -5.4707 156.7358 0 0 -4.7124 2 0
24 -1.2000 14.5293 156.7358 0 0 -4.7124 2 0
24 -1.2000 34.5417 172.3358 0 0 -4.7124 2 0
17 -1.2000 94.5397 169.8358 0 0 -4.7124 2 0
20 -1.2000 94.5291 156.5358 0 0 4.7124 2 0
17 -1.2000 114.5397 169.8358 0 0 -4.7124 2 0
19 -1.2000 134.5419 172.5358 0 0 7.8540 2 0
20 -1.2000 134.5291 156.5359 0 0 4.7124 2 0
24 -1.2000 154.5313 159.2359 0 0 -4.7124 2 0
18 -1.8000 174.5397 169.8359 0 0 -4.7124 2 0
24 -1.8000 174.5313 159.2359 0 0 -4.7124 2 0
18 -0.2000 196.2922 160.8223 0 0 -3.9270 2 0
18 1.4000 205.3000 139.0674 0 0 -3.1416 2 0
24 1.4000 194.7000 139.0759 0 0 -3.1416 2 0
24 3.0000 196.2865 117.3149 0 0 -2.3562 2 0
17 3.0000 188.7971 124.8162 0 0 -2.3562 2 0
24 4.6000 174.5316 108.3071 0 0 -1.5708 2 0
17 4.6000 174.5401 118.9071 0 0 -1.5708 2 0
20 8.4000 -69.2462 203.8277 0 0 4.3197 2 0
18 8.4000 -64.1467 216.1112 0 0 -1.1781 2 0
24 8.4000 -86.6886 213.9750 0 0 -1.1781 2 0
17 8.4000 -82.6243 223.7649 0 0 -1.1781 2 0
18 8.4000 -105.1662 221.6287 0 0 -1.1781 2 0
17 8.4000 -101.1019 231.4186 0 0 -1.1781 2 0
18 8.4000 -382.3300 336.4337 0 0 -1.1781 2 0
19 8.4000 -401.8428 341.5937 0 0 4.3197 2 0
20 8.4000 -420.3204 349.2474 0 0 4.3197 2 0
20 8.4000 -414.1857 364.0246 0 0 1.1781 2 0
17 8.4000 -505.0615 412.4572 0 0 -0.3927 2 0
17 8.4000 -519.4741 431.9582 0 0 0.3927 2 0
18 8.4000 -501.4683 449.9575 0 0 1.1781 2 0
17 8.4000 -495.5099 435.5402 0 0 1.1781 2 0
17 8.4000 -457.5313 442.2992 0 0 1.9635 2 0
18 8.4000 -463.5126 427.8914 0 0 1.9635 2 0
24 8.4000 -439.0537 434.6455 0 0 1.9635 2 0
24 8.4000 -445.0350 420.2378 0 0 1.9635 2 0
18 8.4000 -383.6209 411.6845 0 0 1.9635 2 0
18 8.4000 -371.1247 389.6231 0 0 1.9635 2 0
17 8.4000 -328.1882 388.7235 0 0 1.9635 2 0
