ambient 0.5
headlight 0.0
directional 1.1
lightdir -0.5 -1.414 0.0
background 160 180 230
clfactors 1.0 0.95 1.0
objtypes 49
data/steer.geo data/steer.col data/noref.ref data/nocl.cld
data/speed.geo data/speed.col data/noref.ref data/nocl.cld
data/dmod.geo data/dmod.col data/noref.ref data/nocl.cld
data/roads.geo data/roads.col data/roads.ref data/road.cld
data/roadlw.geo data/road.col data/roadlw.ref data/road.cld
data/roadln.geo data/road.col data/roadln.ref data/road.cld
data/roadrw.geo data/road.col data/roadrw.ref data/road.cld
data/roadrn.geo data/road.col data/roadrn.ref data/road.cld
data/road25.geo data/road.col data/road25.ref data/road.cld
data/road50.geo data/road.col data/road50.ref data/road.cld
data/road75.geo data/road.col data/road75.ref data/road.cld
data/tunnb.geo data/tunnb.col data/tunnb.ref data/tunnb.cld
data/tunn.geo data/tunn.col data/tunn.ref data/tunn.cld
data/bridgec.geo data/bridgec.col data/bridgstr.ref data/bridgec.cld
data/bridges.geo data/bridges.col data/bridges.ref data/bridges.cld
data/start.geo data/start.col data/start.ref data/nocl.cld
data/tree1.geo data/tree1.col data/tree.ref data/tree.cld
data/tree2.geo data/tree2.col data/tree.ref data/tree.cld
data/gblock1.geo data/gblock1.col data/noref.ref data/gblock1.cld
data/gblock2.geo data/gblock2.col data/noref.ref data/gblock2.cld
data/trs.geo data/trs.col data/trs.ref data/trs.cld
data/wind.geo data/wind.col data/wind.ref data/wind.cld
data/prop.geo data/prop.col data/noref.ref data/nocl.cld
data/tree3.geo data/tree3.col data/tree.ref data/nocl.cld
data/glider.geo data/glider.col data/noref.ref data/nocl.cld
data/bridgescl.geo data/bridges.col data/bridgec.ref data/bridgescl.cld
data/loop4r.geo data/loopblue.col data/loop4r.ref data/loop4r.cld
data/loop2r.geo data/loopgreen.col data/loop2r.ref data/loop2r.cld
data/loop1r.geo data/loopred.col data/loop1r.ref data/loop1r.cld
data/loop4l.geo data/loopblue.col data/loop4l.ref data/loop4l.cld
data/loop2l.geo data/loopgreen.col data/loop2l.ref data/loop2l.cld
data/loop1l.geo data/loopred.col data/loop1l.ref data/loop1l.cld
data/corkl.geo data/cork.col data/corkl.ref data/corkl.cld
data/corkr.geo data/cork.col data/corkr.ref data/corkr.cld
data/road11.geo data/road.col data/road11.ref data/road.cld
data/road12.geo data/road.col data/road12.ref data/road.cld
data/roadhill.geo data/roadhill.col data/roads.ref data/roadhill.cld
data/roadhl25.geo data/road.col data/roadhl25.ref data/road.cld
data/roadhr25.geo data/road.col data/roadhr25.ref data/road.cld
data/roadhl50.geo data/road.col data/roadhl50.ref data/road.cld
data/roadhr50.geo data/road.col data/roadhr50.ref data/road.cld
data/roadhl75.geo data/road.col data/roadhl75.ref data/road.cld
data/roadhr75.geo data/road.col data/roadhr75.ref data/road.cld
data/wroads.geo data/wroads.col data/wroads.ref data/wroad.cld
data/wroadl.geo data/wroad.col data/wroadl.ref data/wroad.cld
data/roadch.geo data/roadch.col data/roadch.ref data/roadch.cld
data/ter.geo data/ter.col data/ter.ref data/ter.cld
data/ter1.geo data/ter1.col data/ter1.ref data/ter1.cld
data/ter2.geo data/ter2.col data/ter2.ref data/ter2.cld
objects 388
16 -1.2000 0.0000 20.0000 0 0 0.0000 2 0
21 -1.2000 0.0000 0.0000 0 0 3.1416 5 0
4 -1.2000 0.0000 0.0000 0 0 -0.0000 1 0
4 -1.2000 0.0000 10.0000 0 0 -0.0000 1 0
4 -1.2000 0.0000 20.0000 0 0 -0.0000 1 0
4 -1.2000 0.0000 30.0000 0 0 -0.0000 1 0
4 -1.2000 0.0000 40.0000 0 0 -0.0000 1 0
4 -1.2000 0.0000 50.0000 0 0 -0.0000 1 0
4 -1.2000 0.0000 60.0000 0 0 -0.0000 1 0
7 -1.2000 0.0000 70.0000 0 0 -0.0000 1 0
46 -1.2000 1.9383 79.7448 0 0 -0.3927 1 0
44 -1.2000 5.7651 88.9836 0 0 -0.3927 1 0
44 -1.2000 9.5920 98.2224 0 0 -0.3927 1 0
44 -1.2000 13.4188 107.4612 0 0 -0.3927 1 0
44 -1.2000 17.2456 116.7000 0 0 -0.3927 1 0
44 -1.2000 21.0725 125.9388 0 0 -0.3927 1 0
44 -1.2000 24.8993 135.1776 0 0 -0.3927 1 0
44 -1.2000 28.7261 144.4164 0 0 -0.3927 1 0
44 -1.2000 32.5530 153.6552 0 0 -0.3927 1 0
44 -1.2000 36.3798 162.8940 0 0 -0.3927 1 0
44 -1.2000 40.2066 172.1328 0 0 -0.3927 1 0
45 -1.2000 49.5534 189.6328 0 0 2.3562 1 0
45 -1.2000 49.5534 189.6328 0 0 -0.7854 1 0
45 -1.2000 55.0734 197.8940 0 0 -0.3927 1 0
44 -1.2000 57.0119 207.6388 0 0 -0.0000 1 0
44 -1.2000 57.0119 217.6388 0 0 -0.0000 1 0
44 -1.2000 57.0119 227.6388 0 0 -0.0000 1 0
44 -1.2000 57.0119 237.6388 0 0 -0.0000 1 0
45 -1.2000 58.9502 257.3836 0 0 2.7489 1 0
44 -1.2000 58.9502 257.3836 0 0 -0.3927 1 0
44 -1.2000 62.7770 266.6224 0 0 -0.3927 1 0
44 -1.2000 66.6038 275.8612 0 0 -0.3927 1 0
44 -1.2000 70.4307 285.1000 0 0 -0.3927 1 0
44 -1.2000 74.2575 294.3388 0 0 -0.3927 1 0
44 -1.2000 78.0843 303.5776 0 0 -0.3927 1 0
44 -1.2000 81.9112 312.8164 0 0 -0.3927 1 0
46 -1.2000 89.5648 331.2940 0 0 2.7489 1 0
4 -1.2000 89.5648 331.2940 0 0 -0.3927 1 0
9 -1.2000 93.3917 340.5327 0 0 -0.3927 1 0
10 -0.4000 97.2185 349.7715 0 0 -0.3927 1 0
11 1.2000 101.0453 359.0103 0 0 -0.3927 1 0
42 3.6000 104.8722 368.2491 0 0 -0.3927 1 0
11 6.0000 106.8106 377.9939 0 0 -0.0000 1 0
10 8.4000 106.8106 387.9939 0 0 -0.0000 1 0
9 10.0000 106.8106 397.9939 0 0 -0.0000 1 0
46 10.8000 106.8106 407.9939 0 0 -0.0000 1 0
45 10.8000 108.7489 427.7387 0 0 2.7489 1 0
45 10.8000 114.2688 436.0000 0 0 2.3562 1 0
45 10.8000 122.5300 441.5200 0 0 1.9635 1 0
45 10.8000 132.2748 443.4584 0 0 1.5708 1 0
44 10.8000 132.2748 443.4584 0 0 -1.5708 1 0
44 10.8000 142.2748 443.4584 0 0 -1.5708 1 0
44 10.8000 152.2748 443.4584 0 0 -1.5708 1 0
44 10.8000 162.2748 443.4584 0 0 -1.5708 1 0
44 10.8000 172.2748 443.4584 0 0 -1.5708 1 0
44 10.8000 182.2748 443.4584 0 0 -1.5708 1 0
44 10.8000 192.2748 443.4584 0 0 -1.5708 1 0
44 10.8000 202.2748 443.4584 0 0 -1.5708 1 0
44 10.8000 212.2748 443.4584 0 0 -1.5708 1 0
44 10.8000 222.2748 443.4584 0 0 -1.5708 1 0
46 10.8000 242.2748 443.4584 0 0 1.5708 1 0
9 10.0000 252.2748 443.4584 0 0 1.5708 1 0
10 8.4000 262.2748 443.4584 0 0 1.5708 1 0
11 6.0000 272.2748 443.4584 0 0 1.5708 1 0
10 4.4000 282.2748 443.4584 0 0 1.5708 1 0
9 3.6000 292.2748 443.4584 0 0 1.5708 1 0
7 3.6000 292.2748 443.4584 0 0 -1.5708 1 0
7 3.6000 302.0196 441.5201 0 0 -1.9635 1 0
7 3.6000 310.2809 436.0002 0 0 -2.3562 1 0
9 2.8000 319.6277 418.5002 0 0 0.3927 1 0
39 2.0000 325.1476 410.2389 0 0 0.7854 1 0
12 2.0000 325.1476 410.2389 0 0 -2.3562 1 0
13 2.0000 332.2187 403.1678 0 0 -2.3562 1 0
13 2.0000 339.2898 396.0968 0 0 -2.3562 1 0
13 2.0000 346.3608 389.0257 0 0 -2.3562 1 0
13 2.0000 353.4319 381.9546 0 0 -2.3562 1 0
12 2.0000 367.5741 367.8125 0 0 0.7854 1 0
4 2.0000 367.5741 367.8125 0 0 -2.3562 1 0
4 2.0000 374.6451 360.7414 0 0 -2.3562 1 0
4 2.0000 381.7162 353.6704 0 0 -2.3562 1 0
4 2.0000 388.7873 346.5993 0 0 -2.3562 1 0
4 2.0000 395.8583 339.5282 0 0 -2.3562 1 0
4 2.0000 402.9294 332.4572 0 0 -2.3562 1 0
4 2.0000 410.0005 325.3861 0 0 -2.3562 1 0
4 2.0000 417.0715 318.3150 0 0 -2.3562 1 0
4 2.0000 424.1426 311.2440 0 0 -2.3562 1 0
4 2.0000 431.2137 304.1729 0 0 -2.3562 1 0
31 2.0000 438.2847 297.1018 0 0 -2.3562 1 0
4 2.0000 441.8203 300.6374 0 0 -2.3562 1 0
4 2.0000 448.8913 293.5663 0 0 -2.3562 1 0
4 2.0000 455.9624 286.4952 0 0 -2.3562 1 0
4 2.0000 463.0335 279.4241 0 0 -2.3562 1 0
4 2.0000 470.1045 272.3531 0 0 -2.3562 1 0
4 2.0000 477.1756 265.2820 0 0 -2.3562 1 0
4 2.0000 484.2467 258.2109 0 0 -2.3562 1 0
4 2.0000 491.3177 251.1399 0 0 -2.3562 1 0
4 2.0000 498.3888 244.0688 0 0 -2.3562 1 0
4 2.0000 505.4599 236.9977 0 0 -2.3562 1 0
46 2.0000 512.5309 229.9267 0 0 -2.3562 1 0
44 2.0000 519.6020 222.8556 0 0 -2.3562 1 0
44 2.0000 526.6731 215.7845 0 0 -2.3562 1 0
44 2.0000 533.7441 208.7135 0 0 -2.3562 1 0
44 2.0000 540.8152 201.6424 0 0 -2.3562 1 0
44 2.0000 547.8863 194.5713 0 0 -2.3562 1 0
44 2.0000 554.9573 187.5003 0 0 -2.3562 1 0
44 2.0000 562.0284 180.4292 0 0 -2.3562 1 0
44 2.0000 569.0995 173.3581 0 0 -2.3562 1 0
44 2.0000 576.1705 166.2870 0 0 -2.3562 1 0
44 2.0000 583.2416 159.2160 0 0 -2.3562 1 0
44 2.0000 590.3127 152.1449 0 0 -2.3562 1 0
44 2.0000 597.3837 145.0738 0 0 -2.3562 1 0
44 2.0000 604.4548 138.0028 0 0 -2.3562 1 0
44 2.0000 611.5259 130.9317 0 0 -2.3562 1 0
44 2.0000 618.5969 123.8606 0 0 -2.3562 1 0
44 2.0000 625.6680 116.7896 0 0 -2.3562 1 0
44 2.0000 632.7391 109.7185 0 0 -2.3562 1 0
44 2.0000 639.8101 102.6474 0 0 -2.3562 1 0
44 2.0000 646.8812 95.5764 0 0 -2.3562 1 0
44 2.0000 653.9523 88.5053 0 0 -2.3562 1 0
45 2.0000 661.0233 81.4342 0 0 -2.3562 1 0
44 2.0000 669.2845 75.9142 0 0 -1.9635 1 0
44 2.0000 678.5233 72.0874 0 0 -1.9635 1 0
44 2.0000 687.7621 68.2605 0 0 -1.9635 1 0
44 2.0000 697.0009 64.4337 0 0 -1.9635 1 0
44 2.0000 706.2397 60.6069 0 0 -1.9635 1 0
44 2.0000 715.4785 56.7800 0 0 -1.9635 1 0
44 2.0000 724.7173 52.9532 0 0 -1.9635 1 0
46 2.0000 743.1949 45.2995 0 0 1.1781 1 0
39 2.0000 743.1949 45.2995 0 0 -1.9635 1 0
39 2.8000 751.4562 39.7796 0 0 -2.3562 1 0
39 3.6000 756.9762 31.5184 0 0 -2.7489 1 0
39 4.4000 758.9146 21.7736 0 0 -3.1416 1 0
39 5.2000 756.9763 12.0288 0 0 -3.5343 1 0
39 6.0000 751.4564 3.7675 0 0 -3.9270 1 0
39 6.8000 743.1952 -1.7525 0 0 -4.3197 1 0
39 7.6000 733.4504 -3.6909 0 0 -4.7124 1 0
4 8.4000 723.7056 -1.7526 0 0 -5.1051 1 0
4 8.4000 714.4668 2.0742 0 0 -5.1051 1 0
4 8.4000 705.2280 5.9011 0 0 -5.1051 1 0
4 8.4000 695.9892 9.7279 0 0 -5.1051 1 0
4 8.4000 686.7504 13.5547 0 0 -5.1051 1 0
4 8.4000 677.5116 17.3816 0 0 -5.1051 1 0
4 8.4000 668.2728 21.2084 0 0 -5.1051 1 0
11 6.0000 649.7952 28.8621 0 0 -1.9635 1 0
11 3.6000 640.5564 32.6889 0 0 -1.9635 1 0
5 3.6000 640.5564 32.6889 0 0 -5.1051 1 0
5 3.6000 630.8117 34.6274 0 0 -4.7124 1 0
5 3.6000 621.0669 32.6891 0 0 -4.3197 1 0
11 3.6000 612.8056 27.1691 0 0 -3.9270 1 0
36 6.0000 605.7345 20.0981 0 0 -3.9270 1 0
4 10.4713 599.4097 13.7732 0 0 -3.9270 1 0
4 10.4713 592.3386 6.7021 0 0 -3.9270 1 0
4 10.4713 585.2675 -0.3689 0 0 -3.9270 1 0
9 10.4713 578.1965 -7.4400 0 0 -3.9270 1 0
9 11.2713 571.1254 -14.5111 0 0 -3.9270 1 0
10 12.0713 564.0543 -21.5821 0 0 -3.9270 1 0
10 13.6713 556.9833 -28.6532 0 0 -3.9270 1 0
10 15.2713 549.9122 -35.7243 0 0 -3.9270 1 0
4 16.8713 542.8411 -42.7953 0 0 -3.9270 1 0
4 16.8713 535.7700 -49.8664 0 0 -3.9270 1 0
4 16.8713 528.6990 -56.9375 0 0 -3.9270 1 0
4 16.8713 521.6279 -64.0085 0 0 -3.9270 1 0
4 16.8713 514.5568 -71.0796 0 0 -3.9270 1 0
46 16.8713 507.4858 -78.1507 0 0 -3.9270 1 0
44 16.8713 500.4147 -85.2217 0 0 -3.9270 1 0
44 16.8713 493.3436 -92.2928 0 0 -3.9270 1 0
44 16.8713 486.2726 -99.3639 0 0 -3.9270 1 0
44 16.8713 479.2015 -106.4349 0 0 -3.9270 1 0
44 16.8713 472.1304 -113.5060 0 0 -3.9270 1 0
44 16.8713 465.0594 -120.5771 0 0 -3.9270 1 0
44 16.8713 457.9883 -127.6481 0 0 -3.9270 1 0
44 16.8713 450.9172 -134.7192 0 0 -3.9270 1 0
44 16.8713 443.8462 -141.7903 0 0 -3.9270 1 0
44 16.8713 436.7751 -148.8613 0 0 -3.9270 1 0
44 16.8713 429.7040 -155.9324 0 0 -3.9270 1 0
44 16.8713 422.6329 -163.0035 0 0 -3.9270 1 0
44 16.8713 415.5619 -170.0745 0 0 -3.9270 1 0
44 16.8713 408.4908 -177.1456 0 0 -3.9270 1 0
44 16.8713 401.4197 -184.2167 0 0 -3.9270 1 0
44 16.8713 394.3487 -191.2877 0 0 -3.9270 1 0
44 16.8713 387.2776 -198.3588 0 0 -3.9270 1 0
44 16.8713 380.2065 -205.4299 0 0 -3.9270 1 0
44 16.8713 373.1355 -212.5009 0 0 -3.9270 1 0
44 16.8713 366.0644 -219.5720 0 0 -3.9270 1 0
45 16.8713 350.7321 -232.1631 0 0 -1.1781 1 0
45 16.8713 340.9873 -234.1015 0 0 -1.5708 1 0
44 16.8713 340.9873 -234.1015 0 0 -4.7124 1 0
44 16.8713 330.9873 -234.1015 0 0 -4.7124 1 0
44 16.8713 320.9873 -234.1015 0 0 -4.7124 1 0
44 16.8713 310.9873 -234.1015 0 0 -4.7124 1 0
44 16.8713 300.9873 -234.1015 0 0 -4.7124 1 0
44 16.8713 290.9873 -234.1015 0 0 -4.7124 1 0
44 16.8713 280.9873 -234.1015 0 0 -4.7124 1 0
44 16.8713 270.9873 -234.1015 0 0 -4.7124 1 0
44 16.8713 260.9873 -234.1015 0 0 -4.7124 1 0
44 16.8713 250.9873 -234.1015 0 0 -4.7124 1 0
44 16.8713 240.9873 -234.1015 0 0 -4.7124 1 0
44 16.8713 230.9873 -234.1015 0 0 -4.7124 1 0
44 16.8713 220.9873 -234.1015 0 0 -4.7124 1 0
44 16.8713 210.9873 -234.1015 0 0 -4.7124 1 0
44 16.8713 200.9873 -234.1015 0 0 -4.7124 1 0
44 16.8713 190.9873 -234.1015 0 0 -4.7124 1 0
44 16.8713 180.9873 -234.1015 0 0 -4.7124 1 0
44 16.8713 170.9873 -234.1015 0 0 -4.7124 1 0
44 16.8713 160.9873 -234.1015 0 0 -4.7124 1 0
44 16.8713 150.9873 -234.1015 0 0 -4.7124 1 0
45 16.8713 140.9873 -234.1015 0 0 -4.7124 1 0
45 16.8713 131.2425 -236.0398 0 0 -4.3197 1 0
44 16.8713 122.9813 -241.5597 0 0 -3.9270 1 0
44 16.8713 115.9102 -248.6308 0 0 -3.9270 1 0
44 16.8713 108.8391 -255.7018 0 0 -3.9270 1 0
44 16.8713 101.7681 -262.7729 0 0 -3.9270 1 0
44 16.8713 94.6970 -269.8440 0 0 -3.9270 1 0
44 16.8713 87.6259 -276.9150 0 0 -3.9270 1 0
44 16.8713 80.5549 -283.9861 0 0 -3.9270 1 0
44 16.8713 73.4838 -291.0572 0 0 -3.9270 1 0
44 16.8713 66.4127 -298.1282 0 0 -3.9270 1 0
44 16.8713 59.3417 -305.1993 0 0 -3.9270 1 0
45 16.8713 44.0094 -317.7904 0 0 -1.1781 1 0
45 16.8713 34.2646 -319.7288 0 0 -1.5708 1 0
45 16.8713 24.5198 -317.7905 0 0 -1.9635 1 0
45 16.8713 16.2585 -312.2706 0 0 -2.3562 1 0
45 16.8713 16.2585 -312.2706 0 0 -5.4978 1 0
45 16.8713 7.9973 -306.7505 0 0 -5.1051 1 0
45 16.8713 -1.7474 -304.8121 0 0 -4.7124 1 0
45 16.8713 -11.4922 -306.7504 0 0 -4.3197 1 0
44 16.8713 -19.7535 -312.2703 0 0 -3.9270 1 0
44 16.8713 -26.8246 -319.3414 0 0 -3.9270 1 0
44 16.8713 -33.8956 -326.4125 0 0 -3.9270 1 0
44 16.8713 -40.9667 -333.4835 0 0 -3.9270 1 0
44 16.8713 -48.0378 -340.5546 0 0 -3.9270 1 0
44 16.8713 -55.1088 -347.6257 0 0 -3.9270 1 0
44 16.8713 -62.1799 -354.6967 0 0 -3.9270 1 0
46 16.8713 -76.3220 -368.8389 0 0 -0.7854 1 0
4 16.8713 -76.3220 -368.8389 0 0 -3.9270 1 0
4 16.8713 -83.3931 -375.9099 0 0 -3.9270 1 0
4 16.8713 -90.4642 -382.9810 0 0 -3.9270 1 0
21 16.8713 -97.5353 -390.0521 0 0 -3.9270 5 0
16 16.8713 -83.3931 -375.9099 0 0 -3.9270 2 0
18 -1.2000 -5.3000 40.0042 0 0 0.0000 2 0
18 -1.2000 -5.3000 60.0042 0 0 0.0000 2 0
17 -1.2000 5.3000 59.9958 0 0 0.0000 2 0
18 -1.2000 24.4495 113.7093 0 0 0.3927 2 0
18 -1.2000 32.1032 132.1869 0 0 0.3927 2 0
18 -1.2000 25.3491 156.6458 0 0 0.3927 2 0
18 -1.2000 39.7569 150.6645 0 0 0.3927 2 0
20 -1.2000 5.5726 186.5110 0 0 2.7489 2 0
18 -1.2000 47.4105 169.1421 0 0 0.3927 2 0
18 -1.2000 44.0424 195.1526 0 0 0.7854 2 0
24 -1.2000 55.0644 184.1130 0 0 0.7854 2 0
18 -1.2000 49.2119 227.6450 0 0 0.0000 2 0
17 -1.2000 49.2119 247.6450 0 0 0.0000 2 0
18 -1.2000 64.8119 247.6326 0 0 0.0000 2 0
18 -1.2000 55.5731 269.6131 0 0 0.3927 2 0
17 -1.2000 69.9809 263.6317 0 0 0.3927 2 0
18 -1.2000 63.2268 288.0906 0 0 0.3927 2 0
17 -1.2000 77.6345 282.1093 0 0 0.3927 2 0
17 -1.2000 85.2882 300.5869 0 0 0.3927 2 0
18 0.6000 96.1504 361.0425 0 0 0.3927 2 0
18 0.6000 105.9403 356.9782 0 0 0.3927 2 0
18 5.4000 101.5106 377.9981 0 0 0.0000 2 0
18 5.4000 112.1106 377.9897 0 0 0.0000 2 0
18 9.4000 101.5106 397.9981 0 0 0.0000 2 0
17 9.4000 112.1106 397.9897 0 0 0.0000 2 0
18 10.8000 108.7578 441.5198 0 0 0.7854 2 0
18 10.8000 119.7799 430.4802 0 0 0.7854 2 0
17 10.8000 132.2810 451.2584 0 0 1.5708 2 0
18 10.8000 132.2686 435.6584 0 0 1.5708 2 0
18 10.8000 152.2686 435.6584 0 0 1.5708 2 0
17 10.8000 172.2810 451.2584 0 0 1.5708 2 0
20 10.8000 172.2449 405.9584 0 0 -1.5708 2 0
17 10.8000 192.2810 451.2584 0 0 1.5708 2 0
18 10.8000 192.2686 435.6584 0 0 1.5708 2 0
18 10.8000 212.2810 451.2584 0 0 1.5708 2 0
17 10.8000 212.2686 435.6584 0 0 1.5708 2 0
17 3.2000 292.2790 448.7584 0 0 1.5708 2 0
18 3.2000 292.2706 438.1584 0 0 1.5708 2 0
18 3.6000 314.0315 439.7449 0 0 2.3562 2 0
18 3.6000 306.5302 432.2555 0 0 2.3562 2 0
24 2.2000 324.5259 420.5245 0 0 2.7489 2 0
18 2.2000 314.7295 416.4759 0 0 2.7489 2 0
18 2.0000 392.5379 350.3440 0 0 2.3562 2 0
17 2.0000 385.0366 342.8546 0 0 2.3562 2 0
18 2.0000 406.6800 336.2018 0 0 2.3562 2 0
18 2.0000 399.1787 328.7125 0 0 2.3562 2 0
17 2.0000 413.3209 314.5703 0 0 2.3562 2 0
18 2.0000 473.8552 276.0978 0 0 2.3562 2 0
18 2.0000 466.3539 268.6084 0 0 2.3562 2 0
19 2.0000 509.0151 282.9400 0 0 0.7854 2 0
17 2.0000 480.4960 254.4663 0 0 2.3562 2 0
24 2.0000 494.6381 240.3241 0 0 2.3562 2 0
17 2.0000 546.3350 207.1534 0 0 2.3562 2 0
18 2.0000 535.2954 196.1314 0 0 2.3562 2 0
19 2.0000 528.4197 161.0049 0 0 -2.3562 2 0
18 2.0000 563.5796 167.8471 0 0 2.3562 2 0
18 2.0000 588.7614 164.7270 0 0 2.3562 2 0
17 2.0000 577.7218 153.7049 0 0 2.3562 2 0
18 2.0000 602.9036 150.5849 0 0 2.3562 2 0
18 2.0000 591.8639 139.5628 0 0 2.3562 2 0
18 2.0000 617.0457 136.4427 0 0 2.3562 2 0
18 2.0000 606.0060 125.4207 0 0 2.3562 2 0
18 2.0000 631.1878 122.3006 0 0 2.3562 2 0
18 2.0000 620.1482 111.2785 0 0 2.3562 2 0
18 2.0000 634.2903 97.1364 0 0 2.3562 2 0
17 2.0000 648.4324 82.9943 0 0 2.3562 2 0
18 2.0000 672.2752 83.1181 0 0 1.9635 2 0
17 2.0000 666.2939 68.7103 0 0 1.9635 2 0
18 2.0000 690.7528 75.4644 0 0 1.9635 2 0
17 2.0000 684.7715 61.0566 0 0 1.9635 2 0
17 2.0000 709.2304 67.8107 0 0 1.9635 2 0
18 2.0000 703.2490 53.4030 0 0 1.9635 2 0
18 2.0000 721.7266 45.7493 0 0 1.9635 2 0
18 3.0000 761.8744 33.5427 0 0 2.7489 2 0
18 4.6000 752.0814 14.0609 0 0 3.5343 2 0
17 6.2000 745.2195 -6.6507 0 0 4.3197 2 0
18 6.2000 741.1708 3.1457 0 0 4.3197 2 0
18 7.8000 725.7377 3.1423 0 0 5.1051 2 0
18 8.4000 703.1959 1.0061 0 0 5.1051 2 0
18 8.4000 684.7183 8.6598 0 0 5.1051 2 0
17 8.4000 688.7825 18.4497 0 0 5.1051 2 0
18 8.4000 666.2407 16.3135 0 0 5.1051 2 0
18 8.4000 670.3049 26.1034 0 0 5.1051 2 0
24 5.4000 647.7631 23.9671 0 0 5.1051 2 0
17 5.4000 651.8274 33.7570 0 0 5.1051 2 0
17 3.0000 630.8074 29.3274 0 0 4.7124 2 0
18 3.0000 630.8159 39.9273 0 0 4.7124 2 0
18 3.0000 616.5503 23.4185 0 0 3.9270 2 0
18 3.0000 609.0609 30.9198 0 0 3.9270 2 0
18 10.4713 589.0122 -4.1196 0 0 3.9270 2 0
19 10.4713 560.5385 24.3995 0 0 -3.9270 2 0
17 13.2713 560.7279 -32.4038 0 0 3.9270 2 0
18 16.4713 546.5858 -46.5460 0 0 3.9270 2 0
17 16.4713 539.0964 -39.0447 0 0 3.9270 2 0
17 16.8713 524.9543 -53.1868 0 0 3.9270 2 0
18 16.8713 518.3015 -74.8302 0 0 3.9270 2 0
18 16.8713 510.8122 -67.3289 0 0 3.9270 2 0
17 16.8713 491.7836 -104.8837 0 0 3.9270 2 0
18 16.8713 480.7615 -93.8440 0 0 3.9270 2 0
18 16.8713 477.6415 -119.0258 0 0 3.9270 2 0
18 16.8713 449.3572 -147.3101 0 0 3.9270 2 0
19 16.8713 417.3508 -115.2526 0 0 -3.9270 2 0
17 16.8713 435.2151 -161.4522 0 0 3.9270 2 0
17 16.8713 424.1930 -150.4126 0 0 3.9270 2 0
18 16.8713 421.0729 -175.5944 0 0 3.9270 2 0
18 16.8713 406.9308 -189.7365 0 0 3.9270 2 0
18 16.8713 381.7666 -192.8390 0 0 3.9270 2 0
17 16.8713 367.6244 -206.9811 0 0 3.9270 2 0
20 16.8713 385.4887 -253.1807 0 0 -0.7854 2 0
17 16.8713 353.4823 -221.1232 0 0 3.9270 2 0
17 16.8713 340.9811 -241.9015 0 0 4.7124 2 0
19 16.8713 320.9575 -271.6015 0 0 -1.5708 2 0
18 16.8713 300.9811 -241.9015 0 0 4.7124 2 0
24 16.8713 280.9811 -241.9015 0 0 4.7124 2 0
18 16.8713 280.9936 -226.3015 0 0 4.7124 2 0
17 16.8713 260.9811 -241.9015 0 0 4.7124 2 0
17 16.8713 260.9936 -226.3015 0 0 4.7124 2 0
18 16.8713 240.9811 -241.9015 0 0 4.7124 2 0
18 16.8713 240.9936 -226.3015 0 0 4.7124 2 0
18 16.8713 220.9811 -241.9015 0 0 4.7124 2 0
17 16.8713 200.9811 -241.9015 0 0 4.7124 2 0
17 16.8713 200.9936 -226.3015 0 0 4.7124 2 0
24 16.8713 180.9811 -241.9015 0 0 4.7124 2 0
17 16.8713 180.9936 -226.3015 0 0 4.7124 2 0
18 16.8713 160.9811 -241.9015 0 0 4.7124 2 0
20 16.8713 161.0172 -196.6015 0 0 -4.7124 2 0
18 16.8713 140.9811 -241.9015 0 0 4.7124 2 0
17 16.8713 140.9936 -226.3015 0 0 4.7124 2 0
18 16.8713 117.4702 -236.0399 0 0 3.9270 2 0
17 16.8713 114.3502 -261.2216 0 0 3.9270 2 0
18 16.8713 103.3281 -250.1820 0 0 3.9270 2 0
17 16.8713 100.2080 -275.3638 0 0 3.9270 2 0
18 16.8713 89.1860 -264.3241 0 0 3.9270 2 0
18 16.8713 86.0659 -289.5059 0 0 3.9270 2 0
18 16.8713 75.0438 -278.4663 0 0 3.9270 2 0
17 16.8713 71.9238 -303.6480 0 0 3.9270 2 0
17 16.8713 60.9017 -292.6084 0 0 3.9270 2 0
18 16.8713 57.7816 -317.7902 0 0 3.9270 2 0
17 16.8713 34.2584 -327.5288 0 0 4.7124 2 0
24 16.8713 10.7387 -317.7816 0 0 5.4978 2 0
17 16.8713 21.7784 -306.7595 0 0 5.4978 2 0
20 16.8713 -1.7176 -267.3121 0 0 -4.7124 2 0
18 16.8713 -14.2425 -317.7902 0 0 3.9270 2 0
18 16.8713 -25.2645 -306.7505 0 0 3.9270 2 0
18 16.8713 -39.4067 -320.8926 0 0 3.9270 2 0
18 16.8713 -42.5267 -346.0744 0 0 3.9270 2 0
24 16.8713 -53.5488 -335.0348 0 0 3.9270 2 0
18 16.8713 -56.6689 -360.2166 0 0 3.9270 2 0
18 16.8713 -67.6909 -349.1769 0 0 3.9270 2 0
