ambient 0.5
headlight 0.2
directional 0.6
lightdir -1.0 -1.0 1.0
background 170 190 255
clfactors 1.0 1.0 1.0
objtypes 49
data/steer.geo data/steer.col data/noref.ref data/nocl.cld
data/speed.geo data/speed.col data/noref.ref data/nocl.cld
data/dmod.geo data/dmod.col data/noref.ref data/nocl.cld
data/roads.geo data/road.col data/roads.ref data/road.cld
data/roadlw.geo data/road.col data/roadlw.ref data/road.cld
data/roadln.geo data/road.col data/roadln.ref data/road.cld
data/roadrw.geo data/road.col data/roadrw.ref data/road.cld
data/roadrn.geo data/road.col data/roadrn.ref data/road.cld
data/road25.geo data/road.col data/road25.ref data/road.cld
data/road50.geo data/road.col data/road50.ref data/road.cld
data/road75.geo data/road.col data/road75.ref data/road.cld
data/tunnb.geo data/tunnb.col data/tunnb.ref data/tunnb.cld
data/tunn.geo data/tunn.col data/tunn.ref data/tunn.cld
data/bridgec.geo data/bridgec.col data/bridgstr.ref data/bridgec.cld
data/bridges.geo data/bridges.col data/bridges.ref data/bridges.cld
data/start.geo data/start.col data/start.ref data/nocl.cld
data/tree1.geo data/tree1.col data/tree.ref data/tree.cld
data/tree2.geo data/tree2.col data/tree.ref data/tree.cld
data/gblock3.geo data/gblock3.col data/noref.ref data/gblock3.cld
data/gblock4.geo data/gblock4.col data/noref.ref data/gblock4.cld
data/trs.geo data/trs.col data/trs.ref data/trs.cld
data/wind.geo data/wind.col data/wind.ref data/wind.cld
data/prop.geo data/prop.col data/noref.ref data/nocl.cld
data/tree3.geo data/tree3.col data/tree.ref data/nocl.cld
data/glider.geo data/glider.col data/noref.ref data/nocl.cld
data/bridgescl.geo data/bridges.col data/bridgec.ref data/bridgescl.cld
data/loop4r.geo data/loopblue.col data/loop4r.ref data/loop4r.cld
data/loop2r.geo data/loopgreen.col data/loop2r.ref data/loop2r.cld
data/loop1r.geo data/loopred.col data/loop1r.ref data/loop1r.cld
data/loop4l.geo data/loopblue.col data/loop4l.ref data/loop4l.cld
data/loop2l.geo data/loopgreen.col data/loop2l.ref data/loop2l.cld
data/loop1l.geo data/loopred.col data/loop1l.ref data/loop1l.cld
data/corkl.geo data/cork.col data/corkl.ref data/corkl.cld
data/corkr.geo data/cork.col data/corkr.ref data/corkr.cld
data/road11.geo data/road.col data/road11.ref data/road.cld
data/road12.geo data/road.col data/road12.ref data/road.cld
data/roadhill.geo data/roadhill.col data/roads.ref data/roadhill.cld
data/roadhl25.geo data/road.col data/roadhl25.ref data/road.cld
data/roadhr25.geo data/road.col data/roadhr25.ref data/road.cld
data/roadhl50.geo data/road.col data/roadhl50.ref data/road.cld
data/roadhr50.geo data/road.col data/roadhr50.ref data/road.cld
data/roadhl75.geo data/road.col data/roadhl75.ref data/road.cld
data/roadhr75.geo data/road.col data/roadhr75.ref data/road.cld
data/wroads.geo data/wroad.col data/wroads.ref data/wroad.cld
data/wroadl.geo data/wroad.col data/wroadl.ref data/wroad.cld
data/roadch.geo data/roadch.col data/roadch.ref data/roadch.cld
data/ter.geo data/ter.col data/ter.ref data/ter.cld
data/ter1.geo data/ter1.col data/ter1.ref data/ter1.cld
data/ter2.geo data/ter2.col data/ter2.ref data/ter2.cld
objects 487
16 -1.2000 0.0000 20.0000 0 0 0.0000 2 0
21 -1.2000 0.0000 0.0000 0 0 3.1416 5 0
4 -1.2000 0.0000 0.0000 0 0 -0.0000 1 0
4 -1.2000 0.0000 10.0000 0 0 -0.0000 1 0
4 -1.2000 0.0000 20.0000 0 0 -0.0000 1 0
4 -1.2000 0.0000 30.0000 0 0 -0.0000 1 0
4 -1.2000 0.0000 40.0000 0 0 -0.0000 1 0
4 -1.2000 0.0000 50.0000 0 0 -0.0000 1 0
4 -1.2000 0.0000 60.0000 0 0 -0.0000 1 0
4 -1.2000 0.0000 70.0000 0 0 -0.0000 1 0
4 -1.2000 0.0000 80.0000 0 0 -0.0000 1 0
4 -1.2000 0.0000 90.0000 0 0 -0.0000 1 0
4 -1.2000 0.0000 100.0000 0 0 -0.0000 1 0
4 -1.2000 0.0000 110.0000 0 0 -0.0000 1 0
4 -1.2000 0.0000 120.0000 0 0 -0.0000 1 0
4 -1.2000 0.0000 130.0000 0 0 -0.0000 1 0
4 -1.2000 0.0000 140.0000 0 0 -0.0000 1 0
14 -1.2000 0.0000 150.0000 0 0 -0.0000 1 0
26 1.2000 0.0000 160.0000 0 0 -0.0000 1 0
26 3.6000 0.0000 170.0000 0 0 -0.0000 1 0
26 3.6000 0.0000 190.0000 0 0 3.1416 1 0
26 3.6000 0.0000 190.0000 0 0 -0.0000 1 0
26 3.6000 0.0000 210.0000 0 0 3.1416 1 0
26 1.2000 0.0000 220.0000 0 0 3.1416 1 0
14 -1.2000 0.0000 230.0000 0 0 3.1416 1 0
4 -1.2000 0.0000 230.0000 0 0 -0.0000 1 0
4 -1.2000 0.0000 240.0000 0 0 -0.0000 1 0
4 -1.2000 0.0000 250.0000 0 0 -0.0000 1 0
4 -1.2000 0.0000 260.0000 0 0 -0.0000 1 0
4 -1.2000 0.0000 270.0000 0 0 -0.0000 1 0
4 -1.2000 0.0000 280.0000 0 0 -0.0000 1 0
5 -1.2000 0.0000 290.0000 0 0 -0.0000 1 0
5 -1.2000 -1.9383 299.7448 0 0 0.3927 1 0
6 -1.2000 -7.4582 308.0061 0 0 0.7854 1 0
9 -2.0000 -26.4613 311.7353 0 0 4.7124 1 0
10 -3.6000 -36.4613 311.7353 0 0 4.7124 1 0
11 -6.0000 -46.4613 311.7353 0 0 4.7124 1 0
11 -8.4000 -56.4613 311.7353 0 0 4.7124 1 0
11 -10.8000 -66.4613 311.7353 0 0 4.7124 1 0
11 -13.2000 -76.4613 311.7353 0 0 4.7124 1 0
11 -15.6000 -86.4613 311.7353 0 0 4.7124 1 0
11 -18.0000 -96.4613 311.7353 0 0 4.7124 1 0
11 -20.4000 -106.4613 311.7353 0 0 4.7124 1 0
11 -22.8000 -116.4613 311.7353 0 0 4.7124 1 0
11 -25.2000 -126.4613 311.7353 0 0 4.7124 1 0
11 -27.6000 -136.4613 311.7353 0 0 4.7124 1 0
11 -30.0000 -146.4613 311.7353 0 0 4.7124 1 0
11 -32.4000 -156.4613 311.7353 0 0 4.7124 1 0
11 -34.8000 -166.4613 311.7353 0 0 4.7124 1 0
11 -37.2000 -176.4613 311.7353 0 0 4.7124 1 0
11 -39.6000 -186.4613 311.7353 0 0 4.7124 1 0
10 -41.2000 -196.4613 311.7353 0 0 4.7124 1 0
9 -42.0000 -206.4613 311.7353 0 0 4.7124 1 0
4 -42.0000 -206.4613 311.7353 0 0 1.5708 1 0
9 -42.0000 -216.4613 311.7353 0 0 1.5708 1 0
10 -41.2000 -226.4613 311.7353 0 0 1.5708 1 0
11 -39.6000 -236.4613 311.7353 0 0 1.5708 1 0
11 -37.2000 -246.4613 311.7353 0 0 1.5708 1 0
11 -37.2000 -266.4613 311.7353 0 0 4.7124 1 0
11 -39.6000 -276.4613 311.7353 0 0 4.7124 1 0
11 -42.0000 -286.4613 311.7353 0 0 4.7124 1 0
11 -44.4000 -296.4613 311.7353 0 0 4.7124 1 0
11 -46.8000 -306.4613 311.7353 0 0 4.7124 1 0
11 -49.2000 -316.4613 311.7353 0 0 4.7124 1 0
11 -51.6000 -326.4613 311.7353 0 0 4.7124 1 0
11 -54.0000 -336.4613 311.7353 0 0 4.7124 1 0
11 -56.4000 -346.4613 311.7353 0 0 4.7124 1 0
11 -58.8000 -356.4613 311.7353 0 0 4.7124 1 0
11 -61.2000 -366.4613 311.7353 0 0 4.7124 1 0
11 -63.6000 -376.4613 311.7352 0 0 4.7124 1 0
11 -66.0000 -386.4613 311.7352 0 0 4.7124 1 0
11 -68.4000 -396.4613 311.7352 0 0 4.7124 1 0
11 -70.8000 -406.4613 311.7352 0 0 4.7124 1 0
46 -70.8000 -406.4613 311.7352 0 0 1.5708 1 0
44 -70.8000 -416.4613 311.7352 0 0 1.5708 1 0
44 -70.8000 -426.4613 311.7352 0 0 1.5708 1 0
44 -70.8000 -436.4613 311.7352 0 0 1.5708 1 0
44 -70.8000 -446.4613 311.7352 0 0 1.5708 1 0
44 -70.8000 -456.4613 311.7352 0 0 1.5708 1 0
46 -70.8000 -476.4613 311.7352 0 0 4.7124 1 0
8 -70.8000 -476.4613 311.7352 0 0 1.5708 1 0
6 -70.8000 -485.4644 315.4644 0 0 0.7854 1 0
8 -70.8000 -494.4675 319.1937 0 0 1.5708 1 0
6 -70.8000 -503.4706 322.9229 0 0 0.7854 1 0
8 -70.8000 -512.4737 326.6521 0 0 1.5708 1 0
6 -70.8000 -521.4768 330.3813 0 0 0.7854 1 0
8 -70.8000 -530.4799 334.1105 0 0 1.5708 1 0
6 -70.8000 -539.4830 337.8397 0 0 0.7854 1 0
8 -70.8000 -548.4861 341.5689 0 0 1.5708 1 0
8 -70.8000 -557.4892 345.2981 0 0 0.7854 1 0
4 -70.8000 -561.2184 354.3012 0 0 -0.0000 1 0
4 -70.8000 -561.2184 364.3012 0 0 -0.0000 1 0
4 -70.8000 -561.2184 374.3012 0 0 -0.0000 1 0
4 -70.8000 -561.2184 384.3012 0 0 -0.0000 1 0
4 -70.8000 -561.2184 394.3012 0 0 -0.0000 1 0
4 -70.8000 -561.2184 404.3012 0 0 -0.0000 1 0
4 -70.8000 -561.2184 414.3012 0 0 -0.0000 1 0
4 -70.8000 -561.2184 424.3012 0 0 -0.0000 1 0
4 -70.8000 -561.2184 434.3012 0 0 -0.0000 1 0
8 -70.8000 -561.2184 444.3012 0 0 -0.0000 1 0
8 -70.8000 -557.4892 453.3043 0 0 -0.7854 1 0
4 -70.8000 -548.4861 457.0335 0 0 -1.5708 1 0
4 -70.8000 -538.4861 457.0335 0 0 -1.5708 1 0
4 -70.8000 -528.4861 457.0335 0 0 -1.5708 1 0
4 -70.8000 -518.4861 457.0335 0 0 -1.5708 1 0
4 -70.8000 -508.4861 457.0335 0 0 -1.5708 1 0
4 -70.8000 -498.4861 457.0335 0 0 -1.5708 1 0
4 -70.8000 -488.4861 457.0335 0 0 -1.5708 1 0
4 -70.8000 -478.4861 457.0335 0 0 -1.5708 1 0
9 -70.8000 -468.4861 457.0335 0 0 -1.5708 1 0
9 -70.0000 -458.4861 457.0335 0 0 -1.5708 1 0
10 -69.2000 -448.4861 457.0335 0 0 -1.5708 1 0
10 -67.6000 -438.4861 457.0335 0 0 -1.5708 1 0
11 -66.0000 -428.4861 457.0335 0 0 -1.5708 1 0
11 -63.6000 -418.4861 457.0335 0 0 -1.5708 1 0
11 -61.2000 -408.4861 457.0335 0 0 -1.5708 1 0
11 -58.8000 -398.4861 457.0335 0 0 -1.5708 1 0
11 -56.4000 -388.4861 457.0335 0 0 -1.5708 1 0
11 -54.0000 -378.4861 457.0335 0 0 -1.5708 1 0
11 -51.6000 -368.4861 457.0335 0 0 -1.5708 1 0
11 -49.2000 -358.4861 457.0335 0 0 -1.5708 1 0
11 -46.8000 -348.4861 457.0335 0 0 -1.5708 1 0
10 -44.4000 -338.4861 457.0335 0 0 -1.5708 1 0
10 -42.8000 -328.4861 457.0335 0 0 -1.5708 1 0
9 -41.2000 -318.4861 457.0335 0 0 -1.5708 1 0
4 -40.4000 -308.4861 457.0335 0 0 -1.5708 1 0
8 -40.4000 -298.4861 457.0335 0 0 -1.5708 1 0
8 -40.4000 -289.4830 453.3043 0 0 -2.3562 1 0
4 -40.4000 -285.7538 444.3012 0 0 -3.1416 1 0
4 -40.4000 -285.7538 434.3012 0 0 -3.1416 1 0
4 -40.4000 -285.7538 424.3012 0 0 -3.1416 1 0
14 -40.4000 -285.7538 414.3012 0 0 -3.1416 1 0
15 -38.0000 -285.7538 404.3012 0 0 -3.1416 1 0
15 -38.0000 -285.7538 394.3012 0 0 -3.1416 1 0
15 -38.0000 -285.7538 384.3012 0 0 -3.1416 1 0
15 -38.0000 -285.7538 374.3012 0 0 -3.1416 1 0
15 -38.0000 -285.7538 364.3012 0 0 -3.1416 1 0
15 -38.0000 -285.7538 354.3012 0 0 -3.1416 1 0
15 -38.0000 -285.7538 344.3012 0 0 -3.1416 1 0
15 -38.0000 -285.7538 334.3012 0 0 -3.1416 1 0
15 -38.0000 -285.7538 324.3012 0 0 -3.1416 1 0
15 -38.0000 -285.7538 314.3012 0 0 -3.1416 1 0
15 -38.0000 -285.7538 304.3012 0 0 -3.1416 1 0
15 -38.0000 -285.7538 294.3012 0 0 -3.1416 1 0
15 -38.0000 -285.7538 284.3012 0 0 -3.1416 1 0
15 -38.0000 -285.7538 274.3012 0 0 -3.1416 1 0
15 -38.0000 -285.7538 264.3012 0 0 -3.1416 1 0
14 -40.4000 -285.7538 244.3012 0 0 -0.0000 1 0
9 -41.2000 -285.7538 234.3012 0 0 -0.0000 1 0
9 -42.0000 -285.7538 224.3012 0 0 -0.0000 1 0
9 -42.8000 -285.7538 214.3012 0 0 -0.0000 1 0
4 -42.8000 -285.7538 214.3012 0 0 -3.1416 1 0
9 -42.8000 -285.7539 204.3012 0 0 -3.1416 1 0
14 -42.0000 -285.7539 194.3012 0 0 -3.1416 1 0
14 -42.0000 -285.7539 174.3012 0 0 -0.0000 1 0
11 -44.4000 -285.7539 164.3012 0 0 -0.0000 1 0
10 -46.0000 -285.7539 154.3012 0 0 -0.0000 1 0
9 -46.8000 -285.7539 144.3012 0 0 -0.0000 1 0
7 -46.8000 -285.7539 144.3012 0 0 -3.1416 1 0
7 -46.8000 -287.6922 134.5564 0 0 -3.5343 1 0
7 -46.8000 -293.2121 126.2951 0 0 -3.9270 1 0
7 -46.8000 -301.4733 120.7751 0 0 -4.3197 1 0
7 -46.8000 -311.2181 118.8367 0 0 -4.7124 1 0
7 -46.8000 -320.9629 120.7750 0 0 -5.1051 1 0
7 -46.8000 -329.2241 126.2949 0 0 -5.4978 1 0
9 -47.6000 -338.5710 143.7949 0 0 -2.7489 1 0
10 -49.2000 -342.3978 153.0337 0 0 -2.7489 1 0
11 -51.6000 -346.2247 162.2725 0 0 -2.7489 1 0
11 -54.0000 -350.0515 171.5113 0 0 -2.7489 1 0
11 -56.4000 -353.8783 180.7501 0 0 -2.7489 1 0
10 -58.0000 -357.7052 189.9889 0 0 -2.7489 1 0
9 -58.8000 -361.5320 199.2277 0 0 -2.7489 1 0
4 -58.8000 -361.5320 199.2277 0 0 -5.8905 1 0
9 -58.8000 -365.3588 208.4665 0 0 -5.8905 1 0
10 -58.0000 -369.1856 217.7053 0 0 -5.8905 1 0
14 -56.4000 -373.0125 226.9441 0 0 -5.8905 1 0
15 -54.0000 -376.8393 236.1829 0 0 -5.8905 1 0
15 -54.0000 -380.6661 245.4217 0 0 -5.8905 1 0
15 -54.0000 -384.4930 254.6604 0 0 -5.8905 1 0
15 -54.0000 -388.3198 263.8992 0 0 -5.8905 1 0
15 -54.0000 -392.1466 273.1380 0 0 -5.8905 1 0
15 -54.0000 -395.9735 282.3768 0 0 -5.8905 1 0
15 -54.0000 -399.8003 291.6156 0 0 -5.8905 1 0
15 -54.0000 -403.6271 300.8544 0 0 -5.8905 1 0
15 -54.0000 -407.4540 310.0932 0 0 -5.8905 1 0
15 -54.0000 -411.2808 319.3320 0 0 -5.8905 1 0
15 -54.0000 -415.1076 328.5708 0 0 -5.8905 1 0
15 -54.0000 -418.9345 337.8096 0 0 -5.8905 1 0
15 -54.0000 -422.7613 347.0484 0 0 -5.8905 1 0
15 -54.0000 -426.5881 356.2872 0 0 -5.8905 1 0
15 -54.0000 -430.4150 365.5260 0 0 -5.8905 1 0
15 -54.0000 -434.2418 374.7648 0 0 -5.8905 1 0
15 -54.0000 -438.0686 384.0036 0 0 -5.8905 1 0
15 -54.0000 -441.8954 393.2424 0 0 -5.8905 1 0
15 -54.0000 -445.7223 402.4812 0 0 -5.8905 1 0
15 -54.0000 -449.5491 411.7200 0 0 -5.8905 1 0
15 -54.0000 -453.3759 420.9588 0 0 -5.8905 1 0
15 -54.0000 -457.2028 430.1976 0 0 -5.8905 1 0
15 -54.0000 -461.0296 439.4364 0 0 -5.8905 1 0
15 -54.0000 -464.8564 448.6752 0 0 -5.8905 1 0
15 -54.0000 -468.6833 457.9140 0 0 -5.8905 1 0
15 -54.0000 -472.5101 467.1528 0 0 -5.8905 1 0
15 -54.0000 -476.3369 476.3916 0 0 -5.8905 1 0
15 -54.0000 -480.1638 485.6304 0 0 -5.8905 1 0
15 -54.0000 -483.9906 494.8692 0 0 -5.8905 1 0
15 -54.0000 -487.8174 504.1080 0 0 -5.8905 1 0
15 -54.0000 -491.6443 513.3467 0 0 -5.8905 1 0
15 -54.0000 -495.4711 522.5855 0 0 -5.8905 1 0
15 -54.0000 -499.2979 531.8243 0 0 -5.8905 1 0
15 -54.0000 -503.1248 541.0631 0 0 -5.8905 1 0
15 -54.0000 -506.9516 550.3019 0 0 -5.8905 1 0
15 -54.0000 -510.7784 559.5407 0 0 -5.8905 1 0
15 -54.0000 -514.6053 568.7795 0 0 -5.8905 1 0
15 -54.0000 -518.4321 578.0183 0 0 -5.8905 1 0
15 -54.0000 -522.2589 587.2571 0 0 -5.8905 1 0
15 -54.0000 -526.0857 596.4959 0 0 -5.8905 1 0
12 -54.0000 -529.9126 605.7347 0 0 -5.8905 1 0
12 -54.0000 -537.5662 624.2123 0 0 -2.7489 1 0
4 -54.0000 -537.5662 624.2123 0 0 -5.8905 1 0
4 -54.0000 -541.3931 633.4511 0 0 -5.8905 1 0
14 -54.0000 -545.2199 642.6899 0 0 -5.8905 1 0
26 -51.6000 -549.0467 651.9287 0 0 -5.8905 1 0
26 -49.2000 -552.8736 661.1675 0 0 -5.8905 1 0
26 -46.8000 -556.7004 670.4063 0 0 -5.8905 1 0
26 -44.4000 -560.5272 679.6451 0 0 -5.8905 1 0
26 -42.0000 -564.3541 688.8839 0 0 -5.8905 1 0
26 -39.6000 -568.1809 698.1227 0 0 -5.8905 1 0
26 -37.2000 -572.0077 707.3615 0 0 -5.8905 1 0
26 -34.8000 -575.8346 716.6003 0 0 -5.8905 1 0
26 -32.4000 -579.6614 725.8391 0 0 -5.8905 1 0
26 -30.0000 -583.4882 735.0779 0 0 -5.8905 1 0
15 -27.6000 -587.3151 744.3167 0 0 -5.8905 1 0
15 -27.6000 -591.1419 753.5555 0 0 -5.8905 1 0
15 -27.6000 -594.9687 762.7942 0 0 -5.8905 1 0
15 -27.6000 -598.7956 772.0330 0 0 -5.8905 1 0
15 -27.6000 -602.6224 781.2718 0 0 -5.8905 1 0
15 -27.6000 -606.4492 790.5106 0 0 -5.8905 1 0
15 -27.6000 -610.2760 799.7494 0 0 -5.8905 1 0
14 -30.0000 -617.9297 818.2270 0 0 -2.7489 1 0
4 -30.0000 -617.9297 818.2270 0 0 -5.8905 1 0
5 -30.0000 -621.7565 827.4658 0 0 -5.8905 1 0
5 -30.0000 -627.2765 835.7271 0 0 -5.4978 1 0
5 -30.0000 -635.5377 841.2471 0 0 -5.1051 1 0
5 -30.0000 -645.2824 843.1855 0 0 -4.7124 1 0
4 -30.0000 -655.0272 841.2472 0 0 -4.3197 1 0
4 -30.0000 -664.2660 837.4204 0 0 -4.3197 1 0
4 -30.0000 -673.5048 833.5936 0 0 -4.3197 1 0
5 -30.0000 -682.7436 829.7667 0 0 -4.3197 1 0
5 -30.0000 -691.0049 824.2468 0 0 -3.9270 1 0
5 -30.0000 -696.5249 815.9856 0 0 -3.5343 1 0
5 -30.0000 -698.4634 806.2408 0 0 -3.1416 1 0
5 -30.0000 -696.5251 796.4960 0 0 -2.7489 1 0
5 -30.0000 -691.0051 788.2348 0 0 -2.3562 1 0
5 -30.0000 -682.7439 782.7147 0 0 -1.9635 1 0
5 -30.0000 -672.9991 780.7763 0 0 -1.5708 1 0
4 -30.0000 -663.2543 782.7146 0 0 -1.1781 1 0
11 -32.4000 -644.7768 790.3683 0 0 1.9635 1 0
11 -34.8000 -635.5380 794.1951 0 0 1.9635 1 0
11 -37.2000 -626.2992 798.0220 0 0 1.9635 1 0
11 -39.6000 -617.0604 801.8488 0 0 1.9635 1 0
4 -39.6000 -617.0604 801.8488 0 0 -1.1781 1 0
7 -39.6000 -607.8216 805.6756 0 0 -1.1781 1 0
7 -39.6000 -598.0768 807.6140 0 0 -1.5708 1 0
7 -39.6000 -588.3320 805.6757 0 0 -1.9635 1 0
7 -39.6000 -580.0707 800.1558 0 0 -2.3562 1 0
7 -39.6000 -574.5507 791.8946 0 0 -2.7489 1 0
7 -39.6000 -572.6123 782.1498 0 0 -3.1416 1 0
7 -39.6000 -574.5506 772.4050 0 0 -3.5343 1 0
7 -39.6000 -580.0705 764.1438 0 0 -3.9270 1 0
4 -39.6000 -588.3317 758.6237 0 0 -4.3197 1 0
11 -42.0000 -606.8093 750.9701 0 0 -1.1781 1 0
11 -44.4000 -616.0481 747.1433 0 0 -1.1781 1 0
11 -46.8000 -625.2869 743.3164 0 0 -1.1781 1 0
11 -49.2000 -634.5257 739.4896 0 0 -1.1781 1 0
4 -49.2000 -634.5257 739.4896 0 0 -4.3197 1 0
5 -49.2000 -643.7645 735.6628 0 0 -4.3197 1 0
5 -49.2000 -652.0258 730.1428 0 0 -3.9270 1 0
5 -49.2000 -657.5458 721.8816 0 0 -3.5343 1 0
5 -49.2000 -659.4842 712.1369 0 0 -3.1416 1 0
5 -49.2000 -657.5459 702.3921 0 0 -2.7489 1 0
5 -49.2000 -652.0260 694.1308 0 0 -2.3562 1 0
5 -49.2000 -643.7648 688.6108 0 0 -1.9635 1 0
5 -49.2000 -634.0200 686.6723 0 0 -1.5708 1 0
46 -49.2000 -624.2752 688.6106 0 0 -1.1781 1 0
44 -49.2000 -615.0364 692.4375 0 0 -1.1781 1 0
44 -49.2000 -605.7976 696.2643 0 0 -1.1781 1 0
44 -49.2000 -596.5588 700.0911 0 0 -1.1781 1 0
44 -49.2000 -587.3200 703.9180 0 0 -1.1781 1 0
44 -49.2000 -578.0812 707.7448 0 0 -1.1781 1 0
44 -49.2000 -568.8424 711.5716 0 0 -1.1781 1 0
44 -49.2000 -559.6036 715.3985 0 0 -1.1781 1 0
44 -49.2000 -550.3648 719.2253 0 0 -1.1781 1 0
44 -49.2000 -541.1261 723.0521 0 0 -1.1781 1 0
44 -49.2000 -531.8873 726.8790 0 0 -1.1781 1 0
44 -49.2000 -522.6485 730.7058 0 0 -1.1781 1 0
44 -49.2000 -513.4097 734.5326 0 0 -1.1781 1 0
44 -49.2000 -504.1709 738.3595 0 0 -1.1781 1 0
44 -49.2000 -494.9321 742.1863 0 0 -1.1781 1 0
44 -49.2000 -485.6933 746.0131 0 0 -1.1781 1 0
44 -49.2000 -476.4545 749.8400 0 0 -1.1781 1 0
44 -49.2000 -467.2157 753.6668 0 0 -1.1781 1 0
44 -49.2000 -457.9769 757.4936 0 0 -1.1781 1 0
44 -49.2000 -448.7381 761.3205 0 0 -1.1781 1 0
44 -49.2000 -439.4993 765.1473 0 0 -1.1781 1 0
44 -49.2000 -430.2605 768.9741 0 0 -1.1781 1 0
44 -49.2000 -421.0217 772.8010 0 0 -1.1781 1 0
44 -49.2000 -411.7829 776.6278 0 0 -1.1781 1 0
44 -49.2000 -402.5441 780.4546 0 0 -1.1781 1 0
44 -49.2000 -393.3053 784.2815 0 0 -1.1781 1 0
44 -49.2000 -384.0665 788.1083 0 0 -1.1781 1 0
44 -49.2000 -374.8277 791.9351 0 0 -1.1781 1 0
44 -49.2000 -365.5889 795.7620 0 0 -1.1781 1 0
44 -49.2000 -356.3501 799.5888 0 0 -1.1781 1 0
44 -49.2000 -347.1113 803.4157 0 0 -1.1781 1 0
44 -49.2000 -337.8726 807.2425 0 0 -1.1781 1 0
46 -49.2000 -319.3950 814.8962 0 0 1.9635 1 0
4 -49.2000 -319.3950 814.8962 0 0 -1.1781 1 0
4 -49.2000 -310.1562 818.7230 0 0 -1.1781 1 0
4 -49.2000 -300.9174 822.5498 0 0 -1.1781 1 0
4 -49.2000 -291.6786 826.3767 0 0 -1.1781 1 0
21 -49.2000 -282.4398 830.2035 0 0 -1.1781 5 0
16 -49.2000 -300.9174 822.5498 0 0 -1.1781 2 0
24 -1.2000 -5.3000 40.0042 0 0 0.0000 2 0
24 -1.2000 5.3000 39.9958 0 0 0.0000 2 0
20 -1.2000 -23.0000 60.0183 0 0 3.1416 2 0
18 -1.2000 -5.3000 80.0042 0 0 0.0000 2 0
18 -1.2000 -5.3000 100.0042 0 0 0.0000 2 0
20 -1.2000 23.0000 99.9817 0 0 -0.0000 2 0
19 -1.2000 -23.0000 120.0183 0 0 3.1416 2 0
19 -1.2000 23.0000 119.9817 0 0 -0.0000 2 0
18 -1.2000 -5.3000 140.0042 0 0 0.0000 2 0
18 -1.2000 5.3000 139.9958 0 0 0.0000 2 0
18 -1.2000 -5.3000 260.0042 0 0 0.0000 2 0
17 -1.2000 5.3000 259.9958 0 0 0.0000 2 0
18 -1.2000 -5.3000 280.0042 0 0 0.0000 2 0
18 -1.2000 5.3000 279.9958 0 0 0.0000 2 0
24 -1.2000 -6.8365 297.7205 0 0 -0.3927 2 0
24 -1.2000 2.9599 301.7691 0 0 -0.3927 2 0
17 -1.4000 -16.4571 317.0353 0 0 -1.5708 2 0
24 -4.2000 -36.4655 306.4353 0 0 -1.5708 2 0
18 -4.2000 -36.4571 317.0353 0 0 -1.5708 2 0
18 -9.0000 -56.4655 306.4353 0 0 -1.5708 2 0
19 -13.2000 -76.4430 334.7353 0 0 1.5708 2 0
18 -18.6000 -96.4655 306.4353 0 0 -1.5708 2 0
24 -23.4000 -116.4655 306.4353 0 0 -1.5708 2 0
24 -23.4000 -116.4571 317.0353 0 0 -1.5708 2 0
18 -28.2000 -136.4655 306.4353 0 0 -1.5708 2 0
18 -33.0000 -156.4655 306.4353 0 0 -1.5708 2 0
17 -37.8000 -176.4655 306.4353 0 0 -1.5708 2 0
18 -37.8000 -176.4571 317.0353 0 0 -1.5708 2 0
18 -41.8000 -196.4655 306.4353 0 0 -1.5708 2 0
18 -41.8000 -196.4571 317.0353 0 0 -1.5708 2 0
17 -42.2000 -216.4655 306.4353 0 0 -1.5708 2 0
17 -42.2000 -216.4571 317.0353 0 0 -1.5708 2 0
18 -40.2000 -236.4655 306.4353 0 0 -1.5708 2 0
17 -40.2000 -236.4571 317.0353 0 0 -1.5708 2 0
24 -40.2000 -276.4655 306.4353 0 0 -1.5708 2 0
17 -40.2000 -276.4571 317.0353 0 0 -1.5708 2 0
24 -45.0000 -296.4655 306.4353 0 0 -1.5708 2 0
18 -45.0000 -296.4571 317.0353 0 0 -1.5708 2 0
18 -49.8000 -316.4655 306.4353 0 0 -1.5708 2 0
24 -49.8000 -316.4571 317.0353 0 0 -1.5708 2 0
17 -54.6000 -336.4571 317.0353 0 0 -1.5708 2 0
24 -59.4000 -356.4571 317.0352 0 0 -1.5708 2 0
24 -64.2000 -376.4571 317.0352 0 0 -1.5708 2 0
24 -69.0000 -396.4655 306.4352 0 0 -1.5708 2 0
24 -69.0000 -396.4571 317.0352 0 0 -1.5708 2 0
17 -70.8000 -436.4675 303.9352 0 0 -1.5708 2 0
24 -70.8000 -436.4551 319.5352 0 0 -1.5708 2 0
19 -70.8000 -456.4816 286.2353 0 0 4.7124 2 0
24 -70.8000 -456.4551 319.5352 0 0 -1.5708 2 0
24 -70.8000 -494.4717 313.8937 0 0 -1.5708 2 0
18 -70.8000 -512.4779 321.3521 0 0 -1.5708 2 0
19 -70.8000 -512.4554 349.6521 0 0 1.5708 2 0
18 -70.8000 -530.4757 339.4105 0 0 -1.5708 2 0
18 -70.8000 -548.4903 336.2689 0 0 -1.5708 2 0
18 -70.8000 -566.5184 354.3054 0 0 0.0000 2 0
19 -70.8000 -584.2184 374.3195 0 0 3.1416 2 0
18 -70.8000 -555.9184 374.2970 0 0 0.0000 2 0
17 -70.8000 -566.5184 394.3054 0 0 0.0000 2 0
17 -70.8000 -555.9184 394.2970 0 0 0.0000 2 0
19 -70.8000 -538.2184 414.2829 0 0 -0.0000 2 0
24 -70.8000 -566.5184 434.3054 0 0 0.0000 2 0
17 -70.8000 -555.9184 434.2970 0 0 0.0000 2 0
24 -70.8000 -561.2339 457.0549 0 0 0.7854 2 0
17 -70.8000 -538.4903 451.7335 0 0 1.5708 2 0
24 -70.8000 -518.4819 462.3335 0 0 1.5708 2 0
17 -70.8000 -518.4903 451.7335 0 0 1.5708 2 0
19 -70.8000 -498.4678 480.0335 0 0 1.5708 2 0
24 -70.8000 -498.4903 451.7335 0 0 1.5708 2 0
18 -70.8000 -478.4819 462.3335 0 0 1.5708 2 0
24 -70.8000 -478.4903 451.7335 0 0 1.5708 2 0
18 -70.2000 -458.4819 462.3335 0 0 1.5708 2 0
18 -70.2000 -458.4903 451.7335 0 0 1.5708 2 0
17 -68.0000 -438.4819 462.3335 0 0 1.5708 2 0
18 -68.0000 -438.4903 451.7335 0 0 1.5708 2 0
19 -63.6000 -418.4678 480.0335 0 0 1.5708 2 0
18 -64.2000 -418.4903 451.7335 0 0 1.5708 2 0
24 -59.4000 -398.4819 462.3335 0 0 1.5708 2 0
19 -54.0000 -378.4678 480.0335 0 0 1.5708 2 0
19 -54.0000 -378.5044 434.0335 0 0 -1.5708 2 0
18 -45.0000 -338.4819 462.3335 0 0 1.5708 2 0
18 -45.0000 -338.4903 451.7335 0 0 1.5708 2 0
18 -41.6000 -318.4819 462.3335 0 0 1.5708 2 0
24 -41.6000 -318.4903 451.7335 0 0 1.5708 2 0
24 -40.6000 -298.4819 462.3335 0 0 1.5708 2 0
24 -40.4000 -280.4538 444.2969 0 0 3.1416 2 0
24 -40.4000 -280.4538 424.2969 0 0 3.1416 2 0
17 -42.2000 -280.4538 224.2969 0 0 3.1416 2 0
24 -42.2000 -291.0538 224.3054 0 0 3.1416 2 0
18 -43.0000 -280.4539 204.2969 0 0 3.1416 2 0
18 -43.0000 -291.0538 204.3054 0 0 3.1416 2 0
24 -47.2000 -280.4539 144.2969 0 0 3.1416 2 0
24 -47.2000 -291.0539 144.3054 0 0 3.1416 2 0
17 -46.8000 -289.4674 122.5445 0 0 3.9270 2 0
20 -46.8000 -309.4626 142.5715 0 0 -3.9270 2 0
18 -46.8000 -311.2223 113.5367 0 0 4.7124 2 0
17 -46.8000 -311.2138 124.1367 0 0 4.7124 2 0
17 -46.8000 -332.9748 122.5502 0 0 5.4978 2 0
18 -46.8000 -325.4735 130.0396 0 0 5.4978 2 0
18 -48.0000 -343.4692 141.7706 0 0 5.8905 2 0
17 -48.0000 -333.6728 145.8192 0 0 5.8905 2 0
18 -52.2000 -351.1228 160.2482 0 0 5.8905 2 0
24 -52.2000 -341.3265 164.2968 0 0 5.8905 2 0
24 -57.0000 -358.7765 178.7258 0 0 5.8905 2 0
24 -57.0000 -348.9801 182.7744 0 0 5.8905 2 0
18 -59.2000 -366.4302 197.2033 0 0 5.8905 2 0
17 -59.2000 -356.6338 201.2520 0 0 5.8905 2 0
24 -58.4000 -374.0838 215.6809 0 0 5.8905 2 0
18 -58.4000 -364.2875 219.7296 0 0 5.8905 2 0
24 -30.0000 -633.5055 846.1421 0 0 5.1051 2 0
24 -30.0000 -653.0029 836.3491 0 0 4.3197 2 0
24 -30.0000 -671.4805 828.6954 0 0 4.3197 2 0
18 -30.0000 -675.5292 838.4918 0 0 4.3197 2 0
17 -30.0000 -687.2602 820.4962 0 0 3.9270 2 0
24 -30.0000 -693.1634 806.2366 0 0 3.1416 2 0
24 -30.0000 -703.7633 806.2451 0 0 3.1416 2 0
24 -30.0000 -687.2545 791.9795 0 0 2.3562 2 0
17 -30.0000 -672.9949 786.0763 0 0 1.5708 2 0
24 -30.0000 -673.0034 775.4763 0 0 1.5708 2 0
20 -30.0000 -662.8003 807.7977 0 0 1.9635 2 0
24 -30.6000 -651.9912 781.6433 0 0 1.1781 2 0
18 -35.4000 -633.5136 789.2970 0 0 1.1781 2 0
24 -40.2000 -615.0360 796.9506 0 0 1.1781 2 0
18 -39.6000 -598.0726 812.9140 0 0 1.5708 2 0
17 -39.6000 -576.3201 803.9005 0 0 2.3562 2 0
19 -39.6000 -549.6123 782.1315 0 0 0.0000 2 0
18 -39.6000 -577.9123 782.1541 0 0 3.1416 2 0
20 -39.6000 -563.8200 747.8674 0 0 -0.7854 2 0
17 -39.6000 -583.8152 767.8944 0 0 3.9270 2 0
18 -40.2000 -595.5462 749.8987 0 0 4.3197 2 0
17 -40.2000 -599.5948 759.6951 0 0 4.3197 2 0
24 -45.0000 -614.0238 742.2451 0 0 4.3197 2 0
18 -45.0000 -618.0724 752.0414 0 0 4.3197 2 0
20 -49.2000 -625.7409 718.2334 0 0 -1.1781 2 0
18 -49.8000 -636.5500 744.3878 0 0 4.3197 2 0
24 -49.2000 -648.2811 726.3922 0 0 3.9270 2 0
17 -49.2000 -655.7704 733.8935 0 0 3.9270 2 0
18 -49.2000 -654.1842 712.1326 0 0 3.1416 2 0
24 -49.2000 -648.2753 697.8755 0 0 2.3562 2 0
24 -49.2000 -655.7766 690.3861 0 0 2.3562 2 0
20 -49.2000 -634.0017 709.6723 0 0 1.5708 2 0
17 -49.2000 -599.5380 707.2998 0 0 1.1781 2 0
18 -49.2000 -593.5796 692.8825 0 0 1.1781 2 0
24 -49.2000 -581.0604 714.9534 0 0 1.1781 2 0
17 -49.2000 -575.1020 700.5362 0 0 1.1781 2 0
24 -49.2000 -562.5828 722.6071 0 0 1.1781 2 0
18 -49.2000 -544.1052 730.2608 0 0 1.1781 2 0
17 -49.2000 -538.1469 715.8435 0 0 1.1781 2 0
24 -49.2000 -525.6277 737.9144 0 0 1.1781 2 0
18 -49.2000 -488.6725 753.2218 0 0 1.1781 2 0
17 -49.2000 -482.7141 738.8045 0 0 1.1781 2 0
17 -49.2000 -464.2365 746.4582 0 0 1.1781 2 0
24 -49.2000 -445.7589 754.1118 0 0 1.1781 2 0
18 -49.2000 -433.2397 776.1828 0 0 1.1781 2 0
24 -49.2000 -427.2813 761.7655 0 0 1.1781 2 0
24 -49.2000 -414.7621 783.8364 0 0 1.1781 2 0
17 -49.2000 -408.8037 769.4192 0 0 1.1781 2 0
24 -49.2000 -396.2845 791.4901 0 0 1.1781 2 0
18 -49.2000 -377.8069 799.1438 0 0 1.1781 2 0
17 -49.2000 -371.8485 784.7265 0 0 1.1781 2 0
17 -49.2000 -359.3293 806.7975 0 0 1.1781 2 0
24 -49.2000 -353.3710 792.3802 0 0 1.1781 2 0
18 -49.2000 -340.8517 814.4511 0 0 1.1781 2 0
18 -49.2000 -334.8934 800.0338 0 0 1.1781 2 0
18 -49.2000 -302.9417 827.4480 0 0 1.1781 2 0
24 -49.2000 -298.8930 817.6516 0 0 1.1781 2 0
